3,1,1349.50,422.68,165.71,368.80,1,-1,-1,-1
3,2,588.88,445.81,83.01,262.13,1,-1,-1,-1
3,3,1424.64,429.92,181.35,339.03,1,-1,-1,-1
4,1,1351.27,420.54,167.21,371.83,1,-1,-1,-1
4,2,589.09,446.01,83.09,262.23,1,-1,-1,-1
4,3,1428.01,425.84,183.91,344.93,1,-1,-1,-1
5,1,1353.24,417.46,169.93,377.84,1,-1,-1,-1
5,2,588.81,446.98,83.11,261.99,1,-1,-1,-1
5,3,1430.66,422.37,185.47,350.29,1,-1,-1,-1
6,1,1359.60,415.54,170.59,379.59,1,-1,-1,-1
6,2,588.95,447.26,83.20,262.07,1,-1,-1,-1
6,3,1435.75,423.16,185.01,352.41,1,-1,-1,-1
6,4,457.66,444.95,100.79,274.68,1,-1,-1,-1
7,1,1366.38,413.76,170.45,380.79,1,-1,-1,-1
7,2,589.56,447.28,83.30,262.42,1,-1,-1,-1
7,3,1438.39,421.59,186.80,355.83,1,-1,-1,-1
7,4,457.37,448.26,100.48,272.44,1,-1,-1,-1
8,1,1376.25,411.89,169.80,383.16,1,-1,-1,-1
8,2,588.78,446.69,83.61,263.17,1,-1,-1,-1
8,4,457.70,447.87,101.41,273.03,1,-1,-1,-1
9,1,1385.09,410.98,169.03,387.75,1,-1,-1,-1
9,2,587.80,446.27,83.87,263.88,1,-1,-1,-1
9,4,457.07,447.74,102.29,272.61,1,-1,-1,-1
10,1,1395.91,414.14,164.49,385.52,1,-1,-1,-1
10,2,587.45,445.91,84.10,264.51,1,-1,-1,-1
10,4,456.71,444.88,104.62,276.09,1,-1,-1,-1
11,1,1406.91,410.52,162.68,389.49,1,-1,-1,-1
11,2,587.66,446.17,84.04,264.32,1,-1,-1,-1
11,4,456.69,445.82,105.69,275.87,1,-1,-1,-1
12,1,1412.99,409.36,163.77,392.08,1,-1,-1,-1
12,2,588.09,445.54,84.26,264.80,1,-1,-1,-1
12,4,457.11,447.12,106.61,275.56,1,-1,-1,-1
13,2,587.97,444.48,84.56,265.69,1,-1,-1,-1
13,4,455.59,449.63,106.92,274.07,1,-1,-1,-1
14,2,587.75,445.46,84.52,264.97,1,-1,-1,-1
14,4,454.25,447.22,108.97,277.48,1,-1,-1,-1
15,2,587.29,444.28,84.70,265.38,1,-1,-1,-1
15,4,453.83,446.88,109.61,278.47,1,-1,-1,-1
15,7,1459.30,420.24,135.75,381.39,1,-1,-1,-1
16,2,587.61,444.11,84.75,265.04,1,-1,-1,-1
16,4,455.20,448.87,109.26,277.60,1,-1,-1,-1
16,7,1472.81,415.67,142.04,392.91,1,-1,-1,-1
16,8,1556.62,423.95,151.24,368.36,1,-1,-1,-1
17,2,587.30,442.90,85.15,266.15,1,-1,-1,-1
17,4,456.53,451.37,108.64,275.54,1,-1,-1,-1
17,7,1481.71,411.72,147.80,400.86,1,-1,-1,-1
17,8,1565.62,425.71,153.04,368.46,1,-1,-1,-1
18,2,588.24,442.34,85.56,266.56,1,-1,-1,-1
18,4,457.28,452.37,108.15,274.50,1,-1,-1,-1
18,7,1487.54,410.50,149.86,397.26,1,-1,-1,-1
18,8,1570.36,426.41,154.37,367.30,1,-1,-1,-1
19,2,590.07,440.34,87.01,269.17,1,-1,-1,-1
19,4,457.94,453.05,107.82,275.07,1,-1,-1,-1
19,7,1494.12,411.71,154.28,397.10,1,-1,-1,-1
19,8,1575.04,428.31,157.78,370.75,1,-1,-1,-1
20,2,591.86,440.46,87.79,268.88,1,-1,-1,-1
20,4,459.94,453.66,107.34,275.75,1,-1,-1,-1
20,7,1501.54,412.11,160.43,397.80,1,-1,-1,-1
20,8,1581.75,429.67,158.18,371.69,1,-1,-1,-1
21,2,593.49,440.35,89.04,269.47,1,-1,-1,-1
21,4,461.85,451.80,107.58,278.55,1,-1,-1,-1
21,7,1503.09,411.75,168.87,404.14,1,-1,-1,-1
22,2,593.84,440.28,90.36,270.55,1,-1,-1,-1
22,4,464.68,452.64,106.00,277.23,1,-1,-1,-1
22,7,1502.22,412.17,176.27,409.84,1,-1,-1,-1
23,2,593.85,439.64,91.78,271.81,1,-1,-1,-1
23,4,467.14,452.37,104.99,277.00,1,-1,-1,-1
23,7,1498.69,411.92,175.94,399.22,1,-1,-1,-1
24,2,594.38,439.23,92.78,272.20,1,-1,-1,-1
24,4,469.86,454.15,103.93,276.05,1,-1,-1,-1
24,7,1500.73,410.63,185.16,411.04,1,-1,-1,-1
25,2,594.85,439.40,93.69,272.79,1,-1,-1,-1
25,4,470.92,454.79,103.56,277.67,1,-1,-1,-1
25,7,1503.78,408.17,191.84,419.10,1,-1,-1,-1
26,2,595.09,440.02,94.08,272.11,1,-1,-1,-1
26,4,472.66,454.75,103.35,279.53,1,-1,-1,-1
26,7,1507.24,403.38,196.20,425.85,1,-1,-1,-1
27,2,595.12,440.39,94.71,273.06,1,-1,-1,-1
27,4,473.73,455.23,103.48,279.89,1,-1,-1,-1
27,7,1515.51,402.62,196.87,427.53,1,-1,-1,-1
28,2,596.77,443.21,94.29,271.55,1,-1,-1,-1
28,7,1527.09,401.08,196.95,430.48,1,-1,-1,-1
29,2,598.46,444.55,94.04,270.77,1,-1,-1,-1
29,7,1542.24,395.36,197.39,437.39,1,-1,-1,-1
30,2,600.63,444.76,93.78,270.45,1,-1,-1,-1
30,7,1558.59,395.84,194.47,438.31,1,-1,-1,-1
31,2,601.93,444.36,93.96,270.65,1,-1,-1,-1
31,7,1566.59,394.44,195.99,441.73,1,-1,-1,-1
31,9,1697.18,415.44,158.12,392.74,1,-1,-1,-1
32,2,603.05,444.02,93.88,270.81,1,-1,-1,-1
32,9,1710.71,413.12,162.16,397.20,1,-1,-1,-1
33,2,604.55,444.41,93.48,270.42,1,-1,-1,-1
33,9,1720.69,410.01,166.92,402.63,1,-1,-1,-1
34,2,605.30,444.39,93.19,270.73,1,-1,-1,-1
34,9,1731.23,408.49,168.56,406.59,1,-1,-1,-1
35,2,605.89,444.28,92.73,270.77,1,-1,-1,-1
36,2,606.56,444.21,92.17,270.50,1,-1,-1,-1
37,2,607.76,443.23,91.92,271.18,1,-1,-1,-1
38,2,608.33,443.38,91.56,271.38,1,-1,-1,-1
39,2,609.24,443.60,91.12,271.12,1,-1,-1,-1
40,2,609.36,443.12,91.03,271.87,1,-1,-1,-1
41,2,610.32,443.80,90.38,270.97,1,-1,-1,-1
42,2,611.06,444.71,89.71,269.59,1,-1,-1,-1
43,2,612.06,446.07,89.00,267.87,1,-1,-1,-1
43,16,489.80,450.68,97.21,303.96,1,-1,-1,-1
44,2,613.14,446.90,88.57,266.38,1,-1,-1,-1
44,16,489.11,450.77,97.74,305.44,1,-1,-1,-1
44,17,1656.71,392.56,267.39,487.00,1,-1,-1,-1
45,2,613.17,444.60,89.40,268.50,1,-1,-1,-1
45,16,488.89,450.62,98.05,306.12,1,-1,-1,-1
45,17,1667.73,391.30,267.98,491.73,1,-1,-1,-1
46,2,613.68,443.57,90.07,269.69,1,-1,-1,-1
46,16,487.29,448.33,99.99,312.02,1,-1,-1,-1
46,17,1680.14,387.37,265.85,493.27,1,-1,-1,-1
47,2,613.78,442.58,90.83,270.89,1,-1,-1,-1
47,16,485.61,446.24,101.04,315.11,1,-1,-1,-1
47,17,1696.34,385.24,262.43,495.36,1,-1,-1,-1
48,2,614.41,442.29,91.21,270.72,1,-1,-1,-1
48,16,485.81,445.68,100.98,314.89,1,-1,-1,-1
48,17,1716.64,382.15,252.43,488.43,1,-1,-1,-1
49,2,614.87,443.15,91.23,269.91,1,-1,-1,-1
49,16,486.79,445.23,100.71,314.41,1,-1,-1,-1
49,17,1730.94,381.99,242.39,482.88,1,-1,-1,-1
50,2,616.12,443.36,91.72,270.48,1,-1,-1,-1
50,16,487.54,445.08,100.62,314.34,1,-1,-1,-1
50,17,1739.52,383.07,239.40,494.26,1,-1,-1,-1
51,2,617.20,443.77,91.97,270.35,1,-1,-1,-1
51,16,487.27,444.58,100.75,314.76,1,-1,-1,-1
51,17,1750.31,382.03,233.12,501.88,1,-1,-1,-1
52,2,617.21,443.62,92.23,270.20,1,-1,-1,-1
52,16,487.54,443.37,101.02,315.49,1,-1,-1,-1
52,17,1759.34,380.79,234.37,504.57,1,-1,-1,-1
53,2,618.06,446.03,91.44,267.72,1,-1,-1,-1
53,16,487.86,443.17,100.95,314.86,1,-1,-1,-1
54,2,618.80,444.10,92.00,270.24,1,-1,-1,-1
54,16,488.29,442.45,101.45,315.94,1,-1,-1,-1
55,2,620.09,444.50,91.64,270.40,1,-1,-1,-1
55,16,487.75,440.24,102.25,317.81,1,-1,-1,-1
56,2,620.71,445.53,90.98,269.99,1,-1,-1,-1
56,16,487.95,438.93,102.62,319.29,1,-1,-1,-1
57,2,621.38,446.20,90.57,270.76,1,-1,-1,-1
57,16,488.42,439.51,102.66,319.42,1,-1,-1,-1
58,2,622.21,445.93,90.55,272.45,1,-1,-1,-1
58,16,488.41,438.82,102.99,320.43,1,-1,-1,-1
59,2,622.86,444.57,91.02,275.19,1,-1,-1,-1
60,2,622.80,446.57,90.20,274.58,1,-1,-1,-1
61,2,622.61,444.76,90.70,277.76,1,-1,-1,-1
61,20,496.04,444.02,104.81,317.61,1,-1,-1,-1
62,2,622.54,444.12,90.68,278.74,1,-1,-1,-1
62,20,498.93,444.56,106.24,318.97,1,-1,-1,-1
63,2,621.82,445.83,90.09,278.18,1,-1,-1,-1
63,20,501.70,444.94,106.92,317.77,1,-1,-1,-1
64,2,621.50,447.60,89.33,276.67,1,-1,-1,-1
64,20,503.24,447.19,107.67,315.60,1,-1,-1,-1
65,2,620.70,447.82,89.35,277.64,1,-1,-1,-1
65,20,504.25,449.56,108.66,314.20,1,-1,-1,-1
66,2,620.06,445.53,90.03,280.49,1,-1,-1,-1
66,20,506.29,451.18,110.44,314.18,1,-1,-1,-1
67,2,619.90,445.73,89.88,280.27,1,-1,-1,-1
67,20,510.62,452.83,111.50,313.48,1,-1,-1,-1
68,2,618.47,445.63,90.40,280.69,1,-1,-1,-1
68,20,512.48,452.52,113.49,314.79,1,-1,-1,-1
69,2,617.64,445.09,91.18,281.51,1,-1,-1,-1
69,20,512.50,450.83,114.87,316.21,1,-1,-1,-1
70,2,616.48,444.89,91.93,281.90,1,-1,-1,-1
70,20,513.14,451.27,114.88,314.97,1,-1,-1,-1
71,2,614.67,444.17,93.10,284.25,1,-1,-1,-1
71,20,514.02,449.59,116.03,316.84,1,-1,-1,-1
72,2,613.32,442.51,94.28,287.04,1,-1,-1,-1
72,20,514.08,447.79,117.49,319.45,1,-1,-1,-1
73,2,613.27,441.35,94.75,288.55,1,-1,-1,-1
73,20,516.44,446.40,118.56,321.67,1,-1,-1,-1
74,2,613.33,439.56,95.45,291.19,1,-1,-1,-1
74,20,519.49,444.95,119.89,324.40,1,-1,-1,-1
75,2,613.35,438.63,95.27,292.13,1,-1,-1,-1
75,20,522.74,444.30,120.04,325.00,1,-1,-1,-1
76,2,614.99,437.84,94.83,293.17,1,-1,-1,-1
76,20,524.46,444.77,120.25,325.60,1,-1,-1,-1
77,2,617.48,437.24,93.90,293.18,1,-1,-1,-1
77,20,526.31,444.93,120.32,326.35,1,-1,-1,-1
78,2,618.43,436.50,93.23,293.88,1,-1,-1,-1
78,20,527.15,443.33,120.58,328.23,1,-1,-1,-1
79,2,619.40,436.34,92.63,294.56,1,-1,-1,-1
79,20,529.02,441.55,120.77,330.64,1,-1,-1,-1
80,2,620.38,437.16,91.31,292.69,1,-1,-1,-1
80,20,529.91,442.15,120.53,331.08,1,-1,-1,-1
80,21,715.28,462.43,81.20,217.51,1,-1,-1,-1
81,2,621.15,437.65,90.53,291.94,1,-1,-1,-1
81,20,530.41,442.28,121.64,335.13,1,-1,-1,-1
81,21,717.25,461.74,82.15,218.71,1,-1,-1,-1
82,2,621.52,438.65,90.00,291.59,1,-1,-1,-1
82,20,533.38,441.36,122.15,337.75,1,-1,-1,-1
82,21,719.33,462.28,82.58,217.80,1,-1,-1,-1
83,2,622.63,439.19,89.69,291.07,1,-1,-1,-1
83,20,535.08,439.96,122.90,340.33,1,-1,-1,-1
83,21,720.50,462.16,83.09,217.61,1,-1,-1,-1
84,2,622.92,439.10,89.79,291.39,1,-1,-1,-1
84,20,537.11,439.29,123.40,342.93,1,-1,-1,-1
84,21,720.63,459.48,84.74,220.67,1,-1,-1,-1
85,20,539.80,438.30,123.87,345.35,1,-1,-1,-1
85,21,720.47,458.06,86.04,223.06,1,-1,-1,-1
86,20,540.71,438.83,123.58,345.47,1,-1,-1,-1
86,21,720.67,454.35,87.88,227.28,1,-1,-1,-1
87,20,540.92,442.39,122.09,341.57,1,-1,-1,-1
87,21,721.22,451.81,89.10,229.68,1,-1,-1,-1
88,20,541.04,443.19,121.15,339.44,1,-1,-1,-1
88,21,722.53,451.24,89.39,230.17,1,-1,-1,-1
89,20,541.72,444.92,120.72,338.39,1,-1,-1,-1
89,21,723.05,449.04,90.23,232.23,1,-1,-1,-1
89,22,629.24,444.77,97.68,290.07,1,-1,-1,-1
90,20,541.51,445.81,120.98,338.46,1,-1,-1,-1
90,21,724.91,447.34,90.35,232.71,1,-1,-1,-1
90,22,630.34,441.34,99.15,293.75,1,-1,-1,-1
91,20,542.06,445.07,121.58,339.92,1,-1,-1,-1
91,21,726.60,445.90,90.54,233.89,1,-1,-1,-1
91,22,631.92,439.99,100.16,295.64,1,-1,-1,-1
92,20,542.98,443.64,123.51,345.50,1,-1,-1,-1
92,21,727.92,446.56,89.95,233.39,1,-1,-1,-1
92,22,631.74,440.88,101.57,298.03,1,-1,-1,-1
93,20,542.74,442.33,125.32,352.03,1,-1,-1,-1
93,21,729.83,446.04,89.77,234.39,1,-1,-1,-1
93,22,632.69,441.05,102.60,299.67,1,-1,-1,-1
94,20,542.09,441.52,126.61,357.47,1,-1,-1,-1
94,21,732.88,448.86,88.27,231.81,1,-1,-1,-1
94,22,634.03,441.71,103.15,300.32,1,-1,-1,-1
95,20,544.07,440.83,126.73,359.51,1,-1,-1,-1
95,21,735.29,449.45,87.46,231.93,1,-1,-1,-1
95,22,634.93,442.04,103.76,301.07,1,-1,-1,-1
96,20,543.69,440.02,126.84,360.93,1,-1,-1,-1
96,21,739.47,446.69,87.65,235.13,1,-1,-1,-1
96,22,636.43,441.47,104.15,301.83,1,-1,-1,-1
97,20,544.54,440.70,126.02,360.39,1,-1,-1,-1
97,21,742.97,445.47,87.27,237.40,1,-1,-1,-1
97,22,637.40,441.25,104.06,301.45,1,-1,-1,-1
98,20,544.71,441.87,125.48,360.45,1,-1,-1,-1
98,21,745.15,442.78,87.35,241.14,1,-1,-1,-1
98,22,638.97,440.62,103.85,301.13,1,-1,-1,-1
99,20,543.21,441.25,126.01,362.51,1,-1,-1,-1
99,21,747.57,444.55,86.18,241.02,1,-1,-1,-1
99,22,642.01,440.40,103.47,300.97,1,-1,-1,-1
100,20,543.87,441.52,125.66,362.38,1,-1,-1,-1
100,21,749.61,446.64,85.08,240.99,1,-1,-1,-1
100,22,644.25,440.31,103.06,300.64,1,-1,-1,-1
101,20,543.62,441.77,125.71,363.77,1,-1,-1,-1
101,21,751.42,446.25,85.46,242.06,1,-1,-1,-1
101,22,645.23,440.12,102.77,300.05,1,-1,-1,-1
102,20,545.23,442.16,124.53,362.19,1,-1,-1,-1
102,22,646.80,440.84,102.38,298.89,1,-1,-1,-1
103,20,547.23,443.56,123.45,360.53,1,-1,-1,-1
103,22,646.67,440.53,103.42,300.94,1,-1,-1,-1
104,20,548.73,443.17,122.58,359.71,1,-1,-1,-1
104,22,647.86,440.34,103.90,302.00,1,-1,-1,-1
105,20,549.67,441.52,122.19,360.19,1,-1,-1,-1
105,22,650.42,440.52,104.01,301.81,1,-1,-1,-1
106,20,548.57,440.12,122.55,361.64,1,-1,-1,-1
106,22,653.74,440.81,104.23,301.77,1,-1,-1,-1
107,20,550.03,440.27,122.07,361.15,1,-1,-1,-1
107,22,657.00,440.58,104.91,303.80,1,-1,-1,-1
107,24,760.05,458.98,75.00,236.44,1,-1,-1,-1
108,20,550.54,440.08,122.26,361.72,1,-1,-1,-1
108,22,658.91,440.26,105.53,306.12,1,-1,-1,-1
108,24,760.07,453.25,77.41,243.87,1,-1,-1,-1
109,22,658.94,439.92,105.50,307.08,1,-1,-1,-1
109,24,760.21,451.51,78.28,246.62,1,-1,-1,-1
110,22,660.76,439.68,105.14,308.56,1,-1,-1,-1
111,22,662.36,439.61,105.18,310.83,1,-1,-1,-1
111,25,560.10,438.22,132.01,368.30,1,-1,-1,-1
112,22,664.63,439.36,104.74,312.00,1,-1,-1,-1
112,25,561.39,438.63,131.90,368.49,1,-1,-1,-1
113,22,666.25,440.05,104.32,312.97,1,-1,-1,-1
113,25,558.79,438.00,132.89,371.25,1,-1,-1,-1
114,22,666.76,439.38,104.12,315.81,1,-1,-1,-1
114,25,560.54,438.44,132.63,371.19,1,-1,-1,-1
114,26,764.24,450.83,81.27,244.82,1,-1,-1,-1
115,22,669.09,439.97,102.58,315.86,1,-1,-1,-1
115,25,562.02,437.53,133.04,373.80,1,-1,-1,-1
115,26,765.91,450.54,80.41,242.84,1,-1,-1,-1
116,22,670.80,440.33,100.83,314.98,1,-1,-1,-1
116,25,562.42,438.23,131.86,372.44,1,-1,-1,-1
116,26,767.49,448.40,81.24,245.80,1,-1,-1,-1
117,22,671.93,441.88,99.58,314.53,1,-1,-1,-1
117,25,562.58,438.27,131.59,373.81,1,-1,-1,-1
117,26,768.72,448.95,81.80,247.79,1,-1,-1,-1
118,22,672.61,442.98,98.69,314.06,1,-1,-1,-1
118,25,563.18,438.28,132.74,379.25,1,-1,-1,-1
118,26,768.31,450.31,81.80,248.35,1,-1,-1,-1
119,22,673.05,443.47,98.91,317.74,1,-1,-1,-1
119,25,562.92,438.81,133.16,382.76,1,-1,-1,-1
119,26,769.44,451.26,82.02,249.01,1,-1,-1,-1
120,22,674.25,443.53,98.68,320.16,1,-1,-1,-1
120,25,563.33,439.61,133.54,386.13,1,-1,-1,-1
120,26,770.44,451.57,82.13,249.34,1,-1,-1,-1
121,22,675.14,443.99,98.46,321.63,1,-1,-1,-1
121,25,563.41,440.28,133.86,388.97,1,-1,-1,-1
122,22,675.98,443.00,98.28,324.43,1,-1,-1,-1
122,25,564.78,438.55,134.16,393.19,1,-1,-1,-1
123,22,677.79,442.80,97.57,324.86,1,-1,-1,-1
123,25,565.75,439.59,133.65,394.20,1,-1,-1,-1
124,22,679.62,442.74,96.87,324.94,1,-1,-1,-1
124,25,567.59,438.80,133.11,395.40,1,-1,-1,-1
125,22,679.81,440.87,96.65,327.14,1,-1,-1,-1
125,25,569.05,437.15,132.66,396.80,1,-1,-1,-1
125,28,787.71,456.11,91.78,245.94,1,-1,-1,-1
126,22,681.34,438.62,96.55,328.87,1,-1,-1,-1
126,25,569.47,436.85,132.42,397.43,1,-1,-1,-1
126,28,788.10,455.85,92.16,246.58,1,-1,-1,-1
127,22,681.42,437.60,96.12,329.52,1,-1,-1,-1
127,25,571.08,436.91,131.82,397.33,1,-1,-1,-1
127,28,788.55,456.81,92.06,246.05,1,-1,-1,-1
128,22,682.17,438.06,95.85,329.31,1,-1,-1,-1
128,25,575.06,437.93,131.23,396.35,1,-1,-1,-1
128,28,789.81,456.78,92.36,246.66,1,-1,-1,-1
129,22,683.06,438.45,95.86,328.70,1,-1,-1,-1
129,25,577.85,438.50,131.34,396.18,1,-1,-1,-1
129,28,791.39,455.99,92.55,247.29,1,-1,-1,-1
130,22,683.72,438.18,95.97,328.95,1,-1,-1,-1
130,25,581.31,438.60,131.17,396.17,1,-1,-1,-1
130,28,792.12,455.47,92.84,248.44,1,-1,-1,-1
131,22,685.07,438.11,96.27,329.05,1,-1,-1,-1
131,25,580.82,438.94,131.63,396.78,1,-1,-1,-1
131,28,793.19,455.41,93.01,249.44,1,-1,-1,-1
132,22,686.69,437.32,96.80,330.07,1,-1,-1,-1
132,25,581.84,438.89,132.29,397.81,1,-1,-1,-1
132,28,794.15,456.06,92.74,249.23,1,-1,-1,-1
133,22,687.72,436.93,96.74,329.86,1,-1,-1,-1
133,25,582.98,438.75,132.93,399.15,1,-1,-1,-1
133,28,795.60,456.75,92.34,249.02,1,-1,-1,-1
134,22,689.62,435.90,96.75,329.64,1,-1,-1,-1
134,25,584.14,439.65,133.50,400.49,1,-1,-1,-1
134,28,797.01,453.91,93.11,251.71,1,-1,-1,-1
135,22,691.67,435.01,96.56,329.51,1,-1,-1,-1
135,25,583.41,439.42,135.15,404.82,1,-1,-1,-1
135,28,798.11,451.53,93.51,253.32,1,-1,-1,-1
136,22,692.92,434.95,96.27,328.46,1,-1,-1,-1
136,25,583.04,439.83,136.46,408.24,1,-1,-1,-1
136,28,800.69,451.21,93.88,254.33,1,-1,-1,-1
137,22,693.88,434.66,96.32,328.34,1,-1,-1,-1
137,25,582.04,439.29,138.12,412.58,1,-1,-1,-1
137,28,800.94,451.34,94.22,256.81,1,-1,-1,-1
138,22,694.81,434.31,96.74,328.96,1,-1,-1,-1
138,25,580.07,438.31,140.33,418.51,1,-1,-1,-1
138,28,802.47,450.98,94.78,260.20,1,-1,-1,-1
139,22,697.86,433.89,97.29,329.04,1,-1,-1,-1
139,25,579.86,438.46,141.16,420.64,1,-1,-1,-1
139,28,806.10,450.16,94.24,261.64,1,-1,-1,-1
140,22,700.49,433.77,98.17,328.92,1,-1,-1,-1
140,25,580.83,437.75,140.84,419.70,1,-1,-1,-1
140,28,809.49,450.10,93.52,263.54,1,-1,-1,-1
141,22,703.74,433.85,99.60,329.07,1,-1,-1,-1
141,25,579.57,437.63,141.38,420.85,1,-1,-1,-1
141,28,810.94,449.75,93.97,264.81,1,-1,-1,-1
142,22,705.98,433.85,101.62,330.46,1,-1,-1,-1
142,25,578.17,437.52,142.52,423.44,1,-1,-1,-1
143,22,708.62,434.32,103.32,330.49,1,-1,-1,-1
143,25,576.20,438.18,144.01,427.77,1,-1,-1,-1
144,22,711.08,435.83,105.88,330.12,1,-1,-1,-1
144,25,574.13,438.09,145.54,431.94,1,-1,-1,-1
145,22,713.79,436.55,108.74,330.68,1,-1,-1,-1
145,25,572.03,438.15,146.67,434.56,1,-1,-1,-1
146,22,715.54,437.48,111.10,330.92,1,-1,-1,-1
146,25,569.15,438.27,147.97,438.03,1,-1,-1,-1
146,30,829.56,454.39,73.72,264.21,1,-1,-1,-1
147,22,716.00,438.28,113.57,332.21,1,-1,-1,-1
147,25,566.76,437.73,149.94,444.21,1,-1,-1,-1
147,30,832.06,458.23,72.97,260.68,1,-1,-1,-1
148,22,716.24,438.17,115.60,333.02,1,-1,-1,-1
148,25,564.92,437.58,151.61,449.86,1,-1,-1,-1
148,30,834.14,458.50,73.37,261.01,1,-1,-1,-1
149,22,716.58,438.38,117.07,333.89,1,-1,-1,-1
149,25,562.46,436.21,151.66,452.59,1,-1,-1,-1
149,30,835.74,459.74,73.99,262.09,1,-1,-1,-1
150,22,716.70,437.78,118.24,335.25,1,-1,-1,-1
150,25,561.28,435.52,151.49,453.79,1,-1,-1,-1
150,30,835.84,458.33,75.74,267.56,1,-1,-1,-1
151,22,716.95,436.30,119.39,337.49,1,-1,-1,-1
151,25,560.04,435.27,152.48,456.76,1,-1,-1,-1
151,30,836.05,456.72,76.98,270.91,1,-1,-1,-1
152,22,717.17,434.72,120.51,340.29,1,-1,-1,-1
152,30,838.03,456.36,78.18,272.58,1,-1,-1,-1
152,31,1198.07,443.71,37.63,104.53,1,-1,-1,-1
153,22,717.94,432.79,120.99,341.58,1,-1,-1,-1
153,30,836.76,453.16,79.36,276.35,1,-1,-1,-1
153,31,1195.84,443.02,37.91,105.11,1,-1,-1,-1
154,22,719.24,431.91,121.36,343.15,1,-1,-1,-1
154,30,838.16,450.44,80.87,279.14,1,-1,-1,-1
154,31,1194.47,443.59,37.86,104.70,1,-1,-1,-1
154,33,549.68,429.41,143.99,460.12,1,-1,-1,-1
155,22,719.84,431.57,121.42,344.28,1,-1,-1,-1
155,30,839.03,448.31,82.26,282.25,1,-1,-1,-1
155,31,1193.37,443.76,37.81,104.57,1,-1,-1,-1
155,33,548.47,429.05,143.80,459.11,1,-1,-1,-1
156,22,720.67,431.74,121.07,344.31,1,-1,-1,-1
156,30,840.03,447.22,83.72,284.95,1,-1,-1,-1
156,33,545.77,428.82,144.15,459.09,1,-1,-1,-1
156,34,893.96,434.93,78.84,246.36,1,-1,-1,-1
157,22,722.03,432.18,121.31,345.43,1,-1,-1,-1
157,30,841.66,448.75,83.96,284.08,1,-1,-1,-1
157,33,544.84,430.57,144.29,458.07,1,-1,-1,-1
157,34,893.60,434.78,79.87,249.14,1,-1,-1,-1
158,22,725.09,434.44,119.61,341.50,1,-1,-1,-1
158,30,843.69,447.20,84.76,285.82,1,-1,-1,-1
158,33,543.99,431.79,144.57,457.02,1,-1,-1,-1
158,34,893.22,434.53,80.35,250.64,1,-1,-1,-1
159,22,728.79,435.06,118.45,340.01,1,-1,-1,-1
159,30,845.17,446.04,84.96,286.11,1,-1,-1,-1
159,33,542.92,432.30,145.56,457.88,1,-1,-1,-1
160,22,734.34,435.16,118.07,340.17,1,-1,-1,-1
160,30,845.77,446.45,85.19,285.39,1,-1,-1,-1
160,33,542.33,432.56,146.11,456.76,1,-1,-1,-1
161,22,738.35,433.51,118.39,342.22,1,-1,-1,-1
161,30,846.54,447.00,85.26,284.44,1,-1,-1,-1
161,33,541.53,433.06,146.87,456.11,1,-1,-1,-1
162,22,740.98,432.85,118.57,344.19,1,-1,-1,-1
162,30,848.84,446.82,85.85,285.06,1,-1,-1,-1
162,33,541.11,433.72,148.33,456.84,1,-1,-1,-1
163,22,743.45,433.11,118.27,344.79,1,-1,-1,-1
163,30,852.96,447.53,86.38,284.27,1,-1,-1,-1
163,33,541.06,434.10,150.31,458.88,1,-1,-1,-1
164,22,746.25,434.21,118.11,345.41,1,-1,-1,-1
164,30,856.79,448.15,87.52,284.36,1,-1,-1,-1
164,33,542.14,433.53,152.70,461.48,1,-1,-1,-1
165,22,749.34,435.42,117.22,344.55,1,-1,-1,-1
165,30,861.30,449.31,89.60,284.59,1,-1,-1,-1
165,33,543.10,433.60,155.14,463.31,1,-1,-1,-1
166,22,751.12,433.95,117.01,345.58,1,-1,-1,-1
166,30,868.02,449.06,92.08,284.87,1,-1,-1,-1
166,33,544.50,434.09,157.69,464.35,1,-1,-1,-1
167,22,752.62,433.45,117.24,347.39,1,-1,-1,-1
167,30,872.27,448.74,94.85,285.37,1,-1,-1,-1
167,33,547.04,433.07,161.07,465.79,1,-1,-1,-1
168,22,753.88,435.04,117.50,349.20,1,-1,-1,-1
168,30,875.59,449.58,97.07,283.97,1,-1,-1,-1
168,33,550.12,434.69,163.78,463.38,1,-1,-1,-1
169,22,755.30,435.84,118.14,351.00,1,-1,-1,-1
169,30,876.53,448.40,99.97,285.49,1,-1,-1,-1
169,33,551.31,434.99,163.91,463.75,1,-1,-1,-1
170,22,756.93,436.72,118.11,352.02,1,-1,-1,-1
170,30,876.79,447.79,102.48,286.75,1,-1,-1,-1
171,22,758.23,437.11,117.39,351.51,1,-1,-1,-1
171,30,878.13,448.18,104.49,287.03,1,-1,-1,-1
172,22,760.55,437.49,116.88,350.58,1,-1,-1,-1
172,30,877.36,448.51,105.93,287.27,1,-1,-1,-1
172,35,545.21,432.39,219.53,468.35,1,-1,-1,-1
173,22,762.97,437.27,117.09,351.87,1,-1,-1,-1
173,30,876.57,448.10,107.46,288.74,1,-1,-1,-1
173,35,548.28,433.85,218.44,466.62,1,-1,-1,-1
174,22,764.95,436.78,117.61,353.47,1,-1,-1,-1
174,30,876.92,446.73,108.83,290.78,1,-1,-1,-1
174,35,551.86,436.29,218.29,466.58,1,-1,-1,-1
175,22,766.95,437.62,118.04,356.23,1,-1,-1,-1
175,30,878.95,445.66,109.77,293.14,1,-1,-1,-1
175,35,555.44,435.34,218.88,469.75,1,-1,-1,-1
176,22,768.28,437.58,118.55,360.38,1,-1,-1,-1
176,30,879.49,444.52,110.58,295.28,1,-1,-1,-1
176,35,556.99,432.52,219.40,473.56,1,-1,-1,-1
177,22,769.60,438.12,118.34,361.26,1,-1,-1,-1
177,30,881.48,445.39,110.33,294.79,1,-1,-1,-1
177,35,558.99,431.07,219.26,476.32,1,-1,-1,-1
178,22,771.24,438.53,117.20,361.12,1,-1,-1,-1
178,30,884.12,446.42,109.50,293.59,1,-1,-1,-1
178,35,560.32,431.62,218.91,479.98,1,-1,-1,-1
179,22,771.93,438.68,116.52,361.48,1,-1,-1,-1
179,30,886.78,445.97,109.39,294.46,1,-1,-1,-1
179,35,564.03,431.01,217.97,482.30,1,-1,-1,-1
180,22,772.91,438.57,115.85,362.21,1,-1,-1,-1
180,30,890.76,446.08,108.60,294.27,1,-1,-1,-1
180,35,570.10,432.58,214.05,478.82,1,-1,-1,-1
180,36,966.66,440.37,98.44,257.86,1,-1,-1,-1
181,22,774.35,438.47,115.18,363.31,1,-1,-1,-1
181,30,894.69,447.84,107.42,293.33,1,-1,-1,-1
181,35,573.62,430.73,212.67,481.21,1,-1,-1,-1
181,36,967.63,440.50,98.59,258.26,1,-1,-1,-1
182,22,776.72,437.98,113.90,363.08,1,-1,-1,-1
182,30,900.80,447.67,106.86,294.77,1,-1,-1,-1
182,35,577.92,432.04,209.40,479.22,1,-1,-1,-1
183,22,780.64,438.06,112.49,362.69,1,-1,-1,-1
183,30,906.19,446.23,105.64,295.06,1,-1,-1,-1
183,35,582.05,432.58,207.18,480.34,1,-1,-1,-1
184,22,784.67,437.02,111.85,363.79,1,-1,-1,-1
184,30,911.90,444.59,104.81,298.04,1,-1,-1,-1
184,35,587.09,435.76,203.36,477.05,1,-1,-1,-1
185,22,787.42,436.32,111.48,364.98,1,-1,-1,-1
185,30,915.39,446.69,103.41,299.28,1,-1,-1,-1
185,35,590.88,434.33,201.24,478.90,1,-1,-1,-1
186,22,789.30,435.85,111.49,366.35,1,-1,-1,-1
186,30,917.90,446.59,102.86,302.68,1,-1,-1,-1
186,35,594.21,432.92,198.96,480.33,1,-1,-1,-1
187,22,790.24,435.05,111.50,368.59,1,-1,-1,-1
187,30,922.46,447.55,101.51,301.96,1,-1,-1,-1
187,35,597.43,429.12,198.76,487.00,1,-1,-1,-1
188,22,792.71,434.24,111.57,369.77,1,-1,-1,-1
188,30,928.34,447.38,101.47,303.22,1,-1,-1,-1
188,35,601.37,426.32,198.67,494.34,1,-1,-1,-1
189,22,795.15,433.32,111.72,370.13,1,-1,-1,-1
189,30,935.27,446.35,102.23,305.05,1,-1,-1,-1
189,35,606.45,424.80,198.31,503.29,1,-1,-1,-1
190,22,797.90,432.92,112.03,370.45,1,-1,-1,-1
190,30,941.70,449.02,102.20,302.18,1,-1,-1,-1
190,35,608.96,424.02,199.41,506.09,1,-1,-1,-1
191,22,800.12,434.39,111.49,368.80,1,-1,-1,-1
191,30,946.12,452.36,102.31,299.05,1,-1,-1,-1
192,22,802.32,434.61,111.63,368.49,1,-1,-1,-1
192,30,948.87,452.43,103.77,300.31,1,-1,-1,-1
193,22,804.48,432.66,112.30,369.99,1,-1,-1,-1
193,30,949.65,451.03,105.53,302.93,1,-1,-1,-1
194,22,807.44,432.22,113.18,371.30,1,-1,-1,-1
194,30,949.55,450.08,107.17,305.58,1,-1,-1,-1
195,22,812.69,431.23,114.41,372.67,1,-1,-1,-1
195,30,950.44,450.27,108.72,307.71,1,-1,-1,-1
196,22,819.27,431.79,115.65,372.27,1,-1,-1,-1
196,30,951.53,451.20,109.51,308.23,1,-1,-1,-1
197,22,825.36,432.23,118.36,373.17,1,-1,-1,-1
197,30,952.07,449.93,110.60,310.57,1,-1,-1,-1
198,22,829.33,431.65,122.06,376.18,1,-1,-1,-1
198,30,955.74,449.40,111.21,312.77,1,-1,-1,-1
199,22,834.79,433.06,125.22,374.98,1,-1,-1,-1
199,30,959.92,450.77,110.22,311.76,1,-1,-1,-1
199,37,664.09,428.05,151.90,526.07,1,-1,-1,-1
200,22,837.33,433.65,128.28,374.65,1,-1,-1,-1
200,30,965.96,450.23,109.48,312.59,1,-1,-1,-1
200,37,669.46,429.05,151.29,523.37,1,-1,-1,-1
201,22,837.38,432.65,131.62,376.61,1,-1,-1,-1
201,30,972.05,448.00,109.19,316.16,1,-1,-1,-1
201,37,677.20,429.42,151.41,523.57,1,-1,-1,-1
202,22,835.76,433.73,134.53,378.09,1,-1,-1,-1
202,30,976.80,448.00,107.50,316.49,1,-1,-1,-1
202,37,679.51,427.67,152.76,527.44,1,-1,-1,-1
203,22,835.21,434.34,135.94,377.04,1,-1,-1,-1
203,30,981.60,448.09,105.76,315.55,1,-1,-1,-1
203,37,680.79,428.04,155.30,536.04,1,-1,-1,-1
204,22,834.70,433.00,137.74,378.07,1,-1,-1,-1
204,30,987.41,448.86,104.10,314.40,1,-1,-1,-1
204,37,680.94,427.84,157.46,543.22,1,-1,-1,-1
205,22,834.56,433.36,139.06,378.97,1,-1,-1,-1
205,30,992.60,449.05,102.81,314.44,1,-1,-1,-1
205,37,683.35,428.62,159.15,550.01,1,-1,-1,-1
206,22,835.20,432.09,140.57,380.60,1,-1,-1,-1
206,30,997.40,449.23,102.41,314.91,1,-1,-1,-1
206,37,685.06,428.38,160.16,554.88,1,-1,-1,-1
207,22,836.73,434.16,140.49,378.32,1,-1,-1,-1
207,30,1005.42,449.65,102.57,313.96,1,-1,-1,-1
207,37,688.43,426.22,160.72,560.03,1,-1,-1,-1
208,22,837.10,433.47,141.60,380.22,1,-1,-1,-1
208,30,1015.59,451.74,104.08,312.64,1,-1,-1,-1
208,37,692.25,424.71,159.95,561.45,1,-1,-1,-1
209,22,838.31,432.76,142.10,382.03,1,-1,-1,-1
209,30,1023.56,451.70,106.64,312.75,1,-1,-1,-1
209,37,695.69,421.07,159.64,564.11,1,-1,-1,-1
210,22,840.68,431.27,142.52,383.42,1,-1,-1,-1
210,30,1032.33,449.66,111.03,314.22,1,-1,-1,-1
210,37,697.33,418.34,159.04,565.65,1,-1,-1,-1
211,22,843.97,431.01,142.31,383.48,1,-1,-1,-1
211,30,1037.76,450.34,114.91,313.57,1,-1,-1,-1
211,37,698.78,418.50,158.35,566.35,1,-1,-1,-1
212,22,848.95,429.29,141.91,384.10,1,-1,-1,-1
212,30,1040.26,451.07,119.18,314.13,1,-1,-1,-1
212,37,700.28,418.33,158.21,568.48,1,-1,-1,-1
213,22,854.81,427.91,141.67,386.79,1,-1,-1,-1
213,30,1039.14,449.49,123.98,317.33,1,-1,-1,-1
213,37,703.05,417.59,158.87,573.51,1,-1,-1,-1
214,22,860.61,428.02,140.20,387.49,1,-1,-1,-1
214,30,1037.50,449.40,127.80,318.55,1,-1,-1,-1
214,37,707.74,417.81,158.59,574.75,1,-1,-1,-1
215,22,866.62,428.66,138.30,388.85,1,-1,-1,-1
215,30,1035.63,448.70,131.52,320.24,1,-1,-1,-1
215,37,710.31,417.12,159.34,577.46,1,-1,-1,-1
216,22,872.23,428.75,137.25,391.32,1,-1,-1,-1
216,30,1033.89,446.60,135.44,322.84,1,-1,-1,-1
217,22,875.54,429.66,135.73,391.88,1,-1,-1,-1
217,30,1036.60,448.07,136.92,321.48,1,-1,-1,-1
218,22,878.14,430.15,135.00,395.08,1,-1,-1,-1
218,30,1039.72,447.21,138.35,321.48,1,-1,-1,-1
219,22,883.03,428.08,134.59,399.88,1,-1,-1,-1
219,30,1043.33,443.64,140.82,326.09,1,-1,-1,-1
220,22,886.62,426.83,133.78,403.77,1,-1,-1,-1
220,30,1047.44,442.82,141.09,327.51,1,-1,-1,-1
221,22,890.05,427.58,132.21,402.68,1,-1,-1,-1
221,30,1050.92,442.11,140.49,328.25,1,-1,-1,-1
222,22,893.05,427.38,130.67,400.73,1,-1,-1,-1
222,30,1059.29,442.33,138.15,327.92,1,-1,-1,-1
223,22,896.89,426.12,131.32,406.32,1,-1,-1,-1
223,30,1068.61,443.33,136.07,328.79,1,-1,-1,-1
224,22,900.67,427.07,131.41,410.46,1,-1,-1,-1
224,30,1077.47,442.17,134.58,332.77,1,-1,-1,-1
225,22,902.88,427.85,130.96,412.84,1,-1,-1,-1
225,30,1085.78,441.46,131.94,334.64,1,-1,-1,-1
226,22,904.14,428.70,130.39,414.25,1,-1,-1,-1
226,30,1092.97,445.07,128.26,334.51,1,-1,-1,-1
227,22,905.29,428.88,129.50,414.58,1,-1,-1,-1
227,30,1099.28,444.21,126.02,336.52,1,-1,-1,-1
228,22,906.39,428.01,128.68,415.45,1,-1,-1,-1
228,30,1103.49,443.29,125.05,340.98,1,-1,-1,-1
229,22,906.98,427.35,128.56,417.88,1,-1,-1,-1
229,30,1109.04,442.81,123.16,341.10,1,-1,-1,-1
230,22,908.22,427.11,128.22,418.51,1,-1,-1,-1
230,30,1116.26,444.24,121.58,340.12,1,-1,-1,-1
231,22,909.75,426.52,128.06,418.70,1,-1,-1,-1
231,30,1125.48,443.28,122.32,342.84,1,-1,-1,-1
231,42,775.92,416.96,264.08,581.47,1,-1,-1,-1
232,22,911.22,426.08,127.77,419.09,1,-1,-1,-1
232,30,1132.95,445.38,122.87,342.24,1,-1,-1,-1
232,42,779.46,418.85,263.00,579.16,1,-1,-1,-1
233,22,911.40,426.68,128.23,420.96,1,-1,-1,-1
233,30,1137.11,446.55,124.93,344.38,1,-1,-1,-1
233,42,780.18,418.10,263.27,580.39,1,-1,-1,-1
234,22,914.73,426.44,128.14,421.54,1,-1,-1,-1
234,30,1138.94,447.28,127.69,349.29,1,-1,-1,-1
234,42,783.95,419.47,262.17,579.14,1,-1,-1,-1
235,22,916.34,426.14,128.96,423.29,1,-1,-1,-1
235,30,1140.96,446.54,129.57,352.48,1,-1,-1,-1
235,42,787.89,419.44,261.47,579.93,1,-1,-1,-1
236,22,919.62,426.78,128.97,422.92,1,-1,-1,-1
236,30,1143.68,447.17,130.89,354.13,1,-1,-1,-1
236,42,789.94,419.50,260.61,580.18,1,-1,-1,-1
236,43,423.05,460.19,40.07,114.79,1,-1,-1,-1
237,22,918.29,426.53,129.72,422.59,1,-1,-1,-1
237,30,1145.32,445.65,132.55,356.82,1,-1,-1,-1
237,42,792.18,413.43,261.66,585.75,1,-1,-1,-1
237,43,421.50,459.03,39.81,114.12,1,-1,-1,-1
238,22,919.94,426.43,130.03,423.60,1,-1,-1,-1
238,30,1146.77,446.05,132.89,356.51,1,-1,-1,-1
238,42,794.47,406.92,262.37,591.37,1,-1,-1,-1
238,43,421.97,460.00,39.46,113.41,1,-1,-1,-1
239,30,1147.46,442.22,134.05,359.86,1,-1,-1,-1
239,42,797.10,409.06,259.72,588.80,1,-1,-1,-1
239,43,421.81,460.68,38.72,111.60,1,-1,-1,-1
240,30,1151.25,441.87,134.74,361.69,1,-1,-1,-1
240,42,801.13,424.37,252.44,575.30,1,-1,-1,-1
240,43,421.42,460.62,38.53,111.05,1,-1,-1,-1
241,42,807.38,428.43,248.52,572.17,1,-1,-1,-1
242,42,815.27,432.47,243.25,568.48,1,-1,-1,-1
243,42,820.48,433.70,239.97,568.22,1,-1,-1,-1
243,44,630.16,457.92,66.97,175.88,1,-1,-1,-1
243,45,1189.18,440.52,106.10,363.55,1,-1,-1,-1
244,42,825.85,432.40,236.71,569.94,1,-1,-1,-1
244,44,631.01,459.14,67.08,175.68,1,-1,-1,-1
244,45,1192.34,440.06,106.28,364.15,1,-1,-1,-1
245,42,830.12,428.89,237.17,580.37,1,-1,-1,-1
245,44,631.85,459.10,67.28,175.64,1,-1,-1,-1
246,42,837.66,426.47,234.81,586.92,1,-1,-1,-1
246,44,632.32,458.01,67.80,176.33,1,-1,-1,-1
247,42,840.93,427.09,235.17,587.81,1,-1,-1,-1
247,44,633.37,458.40,67.69,176.06,1,-1,-1,-1
248,47,774.01,439.05,152.52,437.43,1,-1,-1,-1
249,47,776.33,437.70,152.86,439.65,1,-1,-1,-1
250,47,778.40,436.78,153.14,441.89,1,-1,-1,-1
251,47,779.79,435.06,152.70,443.22,1,-1,-1,-1
251,48,1233.57,443.24,154.38,362.38,1,-1,-1,-1
252,47,783.16,434.13,151.92,444.23,1,-1,-1,-1
252,48,1239.70,444.68,155.93,361.97,1,-1,-1,-1
253,47,789.49,435.36,149.39,440.65,1,-1,-1,-1
253,48,1239.58,436.42,162.08,372.23,1,-1,-1,-1
254,47,792.71,434.43,147.70,440.77,1,-1,-1,-1
254,48,1236.51,428.16,168.90,384.07,1,-1,-1,-1
255,47,795.84,432.53,146.36,442.80,1,-1,-1,-1
255,48,1237.47,426.82,172.84,388.84,1,-1,-1,-1
256,47,799.12,432.03,145.52,447.29,1,-1,-1,-1
256,48,1238.24,430.16,173.20,385.71,1,-1,-1,-1
257,47,802.28,432.85,144.58,451.79,1,-1,-1,-1
257,48,1241.55,432.49,173.73,384.04,1,-1,-1,-1
258,47,805.73,433.10,141.94,450.87,1,-1,-1,-1
258,48,1246.39,433.21,174.46,383.80,1,-1,-1,-1
259,47,807.28,434.06,141.52,457.52,1,-1,-1,-1
259,48,1252.27,432.31,175.28,385.06,1,-1,-1,-1
260,47,807.47,435.23,142.22,467.49,1,-1,-1,-1
260,48,1259.21,433.97,173.70,383.31,1,-1,-1,-1
261,47,807.64,437.04,141.65,472.59,1,-1,-1,-1
261,48,1267.25,434.33,171.93,382.95,1,-1,-1,-1
261,50,1753.81,403.28,138.59,372.12,1,-1,-1,-1
262,47,808.50,437.85,141.18,477.22,1,-1,-1,-1
262,48,1279.79,431.49,169.99,385.24,1,-1,-1,-1
262,50,1735.85,408.34,138.65,363.81,1,-1,-1,-1
262,51,942.01,404.94,172.16,637.71,1,-1,-1,-1
263,47,809.57,438.46,140.07,479.66,1,-1,-1,-1
263,48,1291.56,429.13,168.10,389.36,1,-1,-1,-1
263,50,1720.47,414.53,141.45,358.74,1,-1,-1,-1
263,51,942.10,403.78,172.41,639.17,1,-1,-1,-1
264,47,811.59,438.50,138.62,480.23,1,-1,-1,-1
264,48,1303.87,424.77,165.66,394.46,1,-1,-1,-1
264,50,1712.41,416.30,146.37,357.82,1,-1,-1,-1
264,51,942.79,406.64,171.42,636.06,1,-1,-1,-1
265,47,813.47,438.30,137.02,480.79,1,-1,-1,-1
265,48,1313.14,424.61,162.85,398.34,1,-1,-1,-1
265,50,1705.80,419.97,149.72,351.83,1,-1,-1,-1
265,51,943.09,404.74,171.92,638.06,1,-1,-1,-1
266,47,815.82,437.91,135.17,480.73,1,-1,-1,-1
266,48,1322.11,425.52,159.62,401.16,1,-1,-1,-1
266,50,1697.78,421.92,153.14,347.16,1,-1,-1,-1
266,51,944.24,407.69,171.11,635.18,1,-1,-1,-1
267,47,817.07,437.68,133.50,480.59,1,-1,-1,-1
267,48,1331.62,429.63,156.73,402.53,1,-1,-1,-1
267,50,1687.82,422.29,155.07,339.89,1,-1,-1,-1
267,51,945.31,409.41,170.74,633.69,1,-1,-1,-1
268,47,817.39,436.74,132.01,480.95,1,-1,-1,-1
268,48,1342.93,432.51,155.51,401.85,1,-1,-1,-1
268,50,1674.83,423.16,155.79,333.87,1,-1,-1,-1
268,51,945.95,411.81,169.98,630.95,1,-1,-1,-1
269,47,817.57,435.69,130.82,482.09,1,-1,-1,-1
269,48,1354.92,432.38,157.16,404.10,1,-1,-1,-1
269,50,1658.52,420.05,157.59,335.48,1,-1,-1,-1
269,51,946.56,412.38,169.64,630.02,1,-1,-1,-1
270,47,818.61,434.77,129.75,482.56,1,-1,-1,-1
270,48,1365.59,430.12,160.39,406.68,1,-1,-1,-1
270,50,1645.84,417.12,156.57,335.76,1,-1,-1,-1
270,51,947.28,412.17,169.52,629.73,1,-1,-1,-1
271,47,820.93,434.76,129.07,484.08,1,-1,-1,-1
271,48,1374.16,433.49,162.99,404.63,1,-1,-1,-1
271,50,1632.63,413.28,154.62,339.35,1,-1,-1,-1
271,51,949.04,411.50,169.40,630.07,1,-1,-1,-1
272,47,823.99,434.90,128.49,484.45,1,-1,-1,-1
272,48,1378.07,432.50,167.45,408.75,1,-1,-1,-1
272,50,1619.01,409.92,150.58,341.57,1,-1,-1,-1
272,51,951.71,410.93,169.16,630.77,1,-1,-1,-1
273,47,826.88,434.51,128.23,484.71,1,-1,-1,-1
273,48,1379.42,431.76,172.14,413.80,1,-1,-1,-1
273,50,1605.50,407.73,147.66,345.85,1,-1,-1,-1
273,51,955.70,410.02,168.46,631.64,1,-1,-1,-1
274,47,829.59,434.31,128.10,484.71,1,-1,-1,-1
274,48,1382.24,433.78,175.42,416.20,1,-1,-1,-1
274,50,1594.78,408.38,144.04,344.53,1,-1,-1,-1
274,51,960.73,408.65,167.14,633.02,1,-1,-1,-1
275,47,831.24,434.10,128.26,484.88,1,-1,-1,-1
275,48,1384.65,434.61,177.76,418.24,1,-1,-1,-1
275,50,1584.35,412.23,140.66,339.02,1,-1,-1,-1
275,51,964.57,410.63,164.94,631.41,1,-1,-1,-1
276,47,831.62,433.83,128.37,485.11,1,-1,-1,-1
276,48,1389.38,433.09,178.77,420.32,1,-1,-1,-1
276,50,1570.51,414.35,140.99,336.17,1,-1,-1,-1
276,51,963.65,408.85,166.10,641.63,1,-1,-1,-1
277,47,832.33,432.98,128.88,486.36,1,-1,-1,-1
277,48,1394.43,432.56,178.71,421.33,1,-1,-1,-1
277,50,1559.23,415.53,142.96,334.35,1,-1,-1,-1
277,51,965.28,408.94,166.10,646.18,1,-1,-1,-1
278,47,832.67,431.91,129.38,486.90,1,-1,-1,-1
278,48,1400.64,432.54,179.58,423.39,1,-1,-1,-1
278,50,1552.04,419.14,144.38,329.59,1,-1,-1,-1
278,51,968.36,412.00,164.81,642.14,1,-1,-1,-1
279,47,833.48,431.66,129.69,486.04,1,-1,-1,-1
279,50,1542.80,419.15,148.35,330.17,1,-1,-1,-1
279,51,969.07,412.41,163.22,640.98,1,-1,-1,-1
280,47,835.12,432.48,129.86,483.16,1,-1,-1,-1
280,50,1538.24,419.75,149.95,328.36,1,-1,-1,-1
280,51,972.94,412.95,162.05,640.34,1,-1,-1,-1
281,47,838.97,433.99,130.40,481.98,1,-1,-1,-1
281,50,1529.56,419.98,151.37,326.31,1,-1,-1,-1
281,51,975.83,411.03,161.77,643.20,1,-1,-1,-1
282,47,842.13,434.55,131.63,481.76,1,-1,-1,-1
282,50,1522.85,419.84,149.52,321.79,1,-1,-1,-1
282,51,979.07,411.63,160.48,641.92,1,-1,-1,-1
283,47,845.46,432.74,134.65,484.56,1,-1,-1,-1
283,50,1513.70,420.41,148.54,319.67,1,-1,-1,-1
283,51,983.99,410.56,159.52,642.12,1,-1,-1,-1
284,47,847.72,432.92,137.72,485.74,1,-1,-1,-1
284,51,986.05,410.63,159.62,642.53,1,-1,-1,-1
285,47,851.59,431.38,142.02,489.61,1,-1,-1,-1
286,47,853.69,429.28,146.30,493.81,1,-1,-1,-1
286,52,1498.89,437.66,145.70,416.85,1,-1,-1,-1
287,47,854.12,429.69,149.15,494.10,1,-1,-1,-1
287,52,1514.67,445.50,144.71,410.01,1,-1,-1,-1
288,47,854.78,429.14,151.88,494.89,1,-1,-1,-1
288,52,1524.19,440.63,149.39,416.94,1,-1,-1,-1
288,53,998.88,408.82,142.96,632.95,1,-1,-1,-1
289,47,855.89,429.53,154.08,494.84,1,-1,-1,-1
289,52,1535.01,438.70,154.41,420.81,1,-1,-1,-1
289,53,1000.63,407.42,143.35,634.73,1,-1,-1,-1
290,47,856.86,429.56,155.74,494.46,1,-1,-1,-1
290,52,1541.31,435.82,162.31,430.37,1,-1,-1,-1
290,53,1002.20,408.81,142.96,633.97,1,-1,-1,-1
291,47,857.33,428.62,157.39,495.07,1,-1,-1,-1
291,52,1543.03,432.72,169.83,437.16,1,-1,-1,-1
291,53,1003.86,409.92,142.48,632.87,1,-1,-1,-1
292,47,857.65,429.36,158.40,493.85,1,-1,-1,-1
292,52,1543.86,433.01,175.24,439.55,1,-1,-1,-1
292,53,1005.55,407.06,143.87,639.93,1,-1,-1,-1
293,47,858.09,428.53,159.74,494.63,1,-1,-1,-1
293,52,1546.03,432.45,181.69,443.34,1,-1,-1,-1
293,53,1007.07,402.87,143.71,641.17,1,-1,-1,-1
294,47,858.56,428.20,160.64,494.79,1,-1,-1,-1
294,52,1545.86,432.87,187.01,445.06,1,-1,-1,-1
294,53,1008.38,403.44,143.39,639.65,1,-1,-1,-1
294,54,1398.08,422.93,172.02,286.26,1,-1,-1,-1
295,47,859.88,427.76,161.03,494.49,1,-1,-1,-1
295,52,1545.73,432.19,192.25,447.43,1,-1,-1,-1
295,53,1009.91,404.94,142.65,635.73,1,-1,-1,-1
295,54,1391.73,423.97,170.82,284.93,1,-1,-1,-1
296,47,862.34,427.39,160.84,494.52,1,-1,-1,-1
296,52,1552.00,432.00,193.38,450.04,1,-1,-1,-1
296,53,1011.29,406.04,142.00,631.53,1,-1,-1,-1
296,54,1390.87,424.67,170.00,284.03,1,-1,-1,-1
297,47,864.17,424.54,161.31,497.27,1,-1,-1,-1
297,53,1012.32,406.68,142.35,631.33,1,-1,-1,-1
297,54,1385.30,425.18,169.17,284.45,1,-1,-1,-1
298,47,866.54,425.91,160.26,496.27,1,-1,-1,-1
298,53,1014.77,409.91,142.12,631.33,1,-1,-1,-1
298,54,1377.98,428.42,164.32,279.81,1,-1,-1,-1
299,47,868.39,423.71,160.34,500.97,1,-1,-1,-1
299,53,1016.96,411.85,141.86,629.10,1,-1,-1,-1
299,54,1373.69,442.20,153.23,265.41,1,-1,-1,-1
300,47,871.17,424.89,158.69,501.83,1,-1,-1,-1
300,53,1017.32,409.86,142.41,626.92,1,-1,-1,-1
300,54,1359.16,425.09,158.43,282.50,1,-1,-1,-1
300,56,1575.64,426.54,201.61,451.03,1,-1,-1,-1
301,47,875.67,424.90,157.32,506.33,1,-1,-1,-1
301,53,1018.93,407.90,144.13,627.79,1,-1,-1,-1
301,54,1347.20,418.26,157.48,290.59,1,-1,-1,-1
301,56,1591.42,422.23,202.69,456.52,1,-1,-1,-1
302,47,879.53,423.67,155.84,512.49,1,-1,-1,-1
302,53,1020.70,406.57,145.86,627.03,1,-1,-1,-1
302,54,1338.92,419.49,151.43,288.49,1,-1,-1,-1
302,56,1612.19,420.21,203.75,461.69,1,-1,-1,-1
303,47,882.70,422.66,154.07,517.75,1,-1,-1,-1
303,53,1022.19,405.48,147.53,625.09,1,-1,-1,-1
303,54,1330.78,419.58,147.29,288.56,1,-1,-1,-1
303,56,1624.30,418.70,204.88,464.24,1,-1,-1,-1
304,47,885.10,422.99,151.83,521.12,1,-1,-1,-1
304,53,1024.04,405.15,147.36,624.37,1,-1,-1,-1
304,54,1323.17,422.58,140.96,283.05,1,-1,-1,-1
305,47,887.02,421.94,149.92,524.04,1,-1,-1,-1
305,54,1317.30,419.45,138.55,284.42,1,-1,-1,-1
306,47,888.75,422.26,147.68,524.65,1,-1,-1,-1
306,54,1310.70,419.98,136.27,282.22,1,-1,-1,-1
307,47,890.07,422.42,146.03,526.06,1,-1,-1,-1
307,54,1305.86,423.54,134.31,278.98,1,-1,-1,-1
307,58,1690.97,425.23,168.14,492.40,1,-1,-1,-1
308,47,891.53,422.67,144.16,525.42,1,-1,-1,-1
308,54,1301.34,426.80,132.93,274.94,1,-1,-1,-1
308,58,1703.54,427.70,171.13,494.46,1,-1,-1,-1
309,47,892.61,422.66,142.36,524.09,1,-1,-1,-1
309,54,1295.71,429.64,132.19,271.82,1,-1,-1,-1
309,58,1708.35,430.26,175.43,498.46,1,-1,-1,-1
310,47,892.89,422.62,141.13,524.28,1,-1,-1,-1
310,54,1291.62,430.08,131.78,270.09,1,-1,-1,-1
310,58,1707.97,430.89,180.74,504.45,1,-1,-1,-1
310,59,1189.31,443.59,43.07,106.05,1,-1,-1,-1
311,47,893.31,423.99,139.95,524.00,1,-1,-1,-1
311,54,1284.95,429.23,129.52,266.06,1,-1,-1,-1
311,58,1705.36,431.16,185.21,507.03,1,-1,-1,-1
311,59,1189.12,443.67,42.79,105.55,1,-1,-1,-1
311,60,0.13,397.37,114.52,465.14,1,-1,-1,-1
312,47,893.87,424.90,138.87,523.42,1,-1,-1,-1
312,54,1274.43,429.17,126.60,261.16,1,-1,-1,-1
312,58,1706.05,430.75,188.55,507.26,1,-1,-1,-1
312,59,1190.09,441.84,43.75,108.14,1,-1,-1,-1
312,60,4.23,397.88,114.04,461.44,1,-1,-1,-1
312,61,1020.31,412.96,222.11,605.49,1,-1,-1,-1
313,47,893.91,423.74,138.47,524.96,1,-1,-1,-1
313,54,1267.45,428.79,124.59,259.39,1,-1,-1,-1
313,58,1705.69,425.11,194.31,514.34,1,-1,-1,-1
313,59,1191.52,439.97,44.55,110.53,1,-1,-1,-1
313,60,11.70,404.05,114.91,459.64,1,-1,-1,-1
313,61,1023.04,409.74,223.20,609.97,1,-1,-1,-1
314,47,894.29,423.15,137.93,525.36,1,-1,-1,-1
314,54,1258.48,425.87,122.58,261.08,1,-1,-1,-1
314,58,1710.36,425.09,195.59,517.72,1,-1,-1,-1
314,59,1191.90,437.79,45.47,113.38,1,-1,-1,-1
314,60,24.37,405.02,116.32,456.48,1,-1,-1,-1
314,61,1026.25,405.62,224.66,616.07,1,-1,-1,-1
315,47,894.28,423.26,137.33,525.63,1,-1,-1,-1
315,54,1253.44,426.81,119.26,260.63,1,-1,-1,-1
315,59,1192.79,437.36,45.87,114.96,1,-1,-1,-1
315,60,38.40,401.60,120.62,458.78,1,-1,-1,-1
315,61,1028.44,404.72,223.24,615.10,1,-1,-1,-1
316,47,894.05,423.32,136.75,525.87,1,-1,-1,-1
316,54,1247.68,419.05,119.28,269.35,1,-1,-1,-1
316,59,1194.33,437.75,45.57,115.07,1,-1,-1,-1
316,60,57.93,403.15,125.69,453.96,1,-1,-1,-1
316,61,1031.70,408.46,220.30,610.10,1,-1,-1,-1
317,47,894.58,423.60,136.42,526.54,1,-1,-1,-1
317,54,1245.31,417.70,115.60,269.67,1,-1,-1,-1
317,59,1195.12,437.05,46.03,116.23,1,-1,-1,-1
317,60,68.34,403.80,125.23,452.30,1,-1,-1,-1
317,61,1034.23,409.15,218.67,608.79,1,-1,-1,-1
318,47,895.04,423.22,136.02,526.23,1,-1,-1,-1
318,54,1240.04,420.25,112.08,266.28,1,-1,-1,-1
318,61,1036.76,412.45,216.09,605.01,1,-1,-1,-1
319,47,895.21,423.40,135.55,525.66,1,-1,-1,-1
319,54,1235.09,423.10,109.64,263.13,1,-1,-1,-1
319,61,1038.67,411.98,214.88,605.37,1,-1,-1,-1
320,47,895.15,423.46,135.06,524.83,1,-1,-1,-1
320,54,1229.66,431.56,106.09,254.09,1,-1,-1,-1
320,61,1040.87,414.12,212.95,603.71,1,-1,-1,-1
320,63,29.86,407.56,265.07,449.11,1,-1,-1,-1
321,47,895.64,424.16,134.66,523.53,1,-1,-1,-1
321,54,1227.81,437.94,104.17,247.57,1,-1,-1,-1
321,61,1042.20,414.51,211.45,603.09,1,-1,-1,-1
321,63,34.87,409.26,264.40,446.57,1,-1,-1,-1
322,47,894.56,424.54,134.22,523.89,1,-1,-1,-1
322,54,1224.36,439.01,104.67,245.25,1,-1,-1,-1
322,61,1043.64,415.90,209.71,601.79,1,-1,-1,-1
322,63,39.94,409.55,263.57,442.83,1,-1,-1,-1
323,47,895.04,426.01,133.55,522.17,1,-1,-1,-1
323,54,1223.93,443.81,103.20,239.62,1,-1,-1,-1
323,61,1044.86,416.40,208.37,601.80,1,-1,-1,-1
323,63,44.28,409.83,262.79,441.52,1,-1,-1,-1
324,47,895.69,426.51,133.38,521.66,1,-1,-1,-1
324,54,1222.78,444.26,103.93,239.84,1,-1,-1,-1
324,61,1046.74,418.20,206.42,600.25,1,-1,-1,-1
325,47,896.17,426.51,133.42,521.95,1,-1,-1,-1
325,54,1218.26,445.90,102.91,237.50,1,-1,-1,-1
325,61,1047.54,418.24,205.16,600.39,1,-1,-1,-1
325,65,1759.99,397.72,149.04,454.89,1,-1,-1,-1
326,47,896.30,426.60,133.61,522.07,1,-1,-1,-1
326,61,1048.58,418.39,203.84,600.04,1,-1,-1,-1
326,65,1764.56,394.52,151.39,461.53,1,-1,-1,-1
326,66,48.58,409.79,283.90,431.94,1,-1,-1,-1
327,47,896.39,427.85,133.37,520.93,1,-1,-1,-1
327,61,1050.24,414.06,203.04,602.04,1,-1,-1,-1
327,65,1764.89,391.81,155.44,473.91,1,-1,-1,-1
327,66,60.74,406.00,282.35,432.63,1,-1,-1,-1
328,47,897.21,428.65,133.18,520.72,1,-1,-1,-1
328,61,1050.27,417.16,201.39,600.65,1,-1,-1,-1
328,65,1765.83,389.53,154.43,470.21,1,-1,-1,-1
328,66,74.29,403.76,276.57,428.31,1,-1,-1,-1
329,47,897.65,428.56,133.27,521.48,1,-1,-1,-1
329,61,1051.83,415.28,200.32,601.08,1,-1,-1,-1
329,65,1762.02,387.31,162.73,497.36,1,-1,-1,-1
329,66,89.20,404.45,269.35,423.85,1,-1,-1,-1
330,47,897.85,426.73,133.16,521.80,1,-1,-1,-1
330,61,1052.63,414.09,199.33,601.63,1,-1,-1,-1
330,65,1760.44,391.49,166.23,510.81,1,-1,-1,-1
330,66,105.22,405.98,261.19,420.13,1,-1,-1,-1
331,47,897.76,425.89,132.82,521.65,1,-1,-1,-1
331,61,1053.93,414.43,198.01,600.90,1,-1,-1,-1
331,65,1759.92,392.02,167.49,517.88,1,-1,-1,-1
331,66,122.10,404.72,253.37,419.55,1,-1,-1,-1
332,47,898.02,425.73,132.14,521.20,1,-1,-1,-1
332,61,1054.74,414.60,196.93,600.70,1,-1,-1,-1
332,65,1761.70,391.04,164.74,512.03,1,-1,-1,-1
332,66,143.09,403.58,245.10,419.73,1,-1,-1,-1
333,47,899.62,426.36,131.13,518.92,1,-1,-1,-1
333,61,1055.82,414.81,195.97,600.62,1,-1,-1,-1
333,65,1762.71,390.54,166.69,518.09,1,-1,-1,-1
333,66,167.02,404.07,236.19,419.18,1,-1,-1,-1
334,47,899.94,426.40,131.05,518.61,1,-1,-1,-1
334,61,1055.85,416.44,195.64,602.09,1,-1,-1,-1
334,66,184.65,403.61,227.85,418.22,1,-1,-1,-1
335,61,1055.64,416.69,195.21,603.05,1,-1,-1,-1
335,66,198.72,402.04,223.57,421.19,1,-1,-1,-1
336,61,1056.65,415.72,194.11,601.29,1,-1,-1,-1
336,66,211.25,402.83,219.01,420.84,1,-1,-1,-1
337,61,1057.09,416.09,194.11,601.65,1,-1,-1,-1
337,66,220.90,403.49,215.98,420.94,1,-1,-1,-1
338,61,1058.00,416.30,193.83,601.16,1,-1,-1,-1
338,66,229.45,405.62,213.28,418.90,1,-1,-1,-1
339,61,1058.97,415.51,193.79,601.57,1,-1,-1,-1
339,66,239.31,408.65,211.88,416.53,1,-1,-1,-1
339,68,1.15,442.71,145.32,347.74,1,-1,-1,-1
340,61,1059.55,415.53,193.77,601.50,1,-1,-1,-1
340,66,245.53,407.67,212.55,416.97,1,-1,-1,-1
340,68,1.81,443.23,144.70,345.89,1,-1,-1,-1
341,66,249.92,412.96,210.58,411.51,1,-1,-1,-1
341,68,2.20,443.36,144.49,344.89,1,-1,-1,-1
342,66,253.06,416.16,209.26,407.42,1,-1,-1,-1
342,68,3.98,443.47,143.34,341.06,1,-1,-1,-1
343,66,250.36,415.38,209.42,406.07,1,-1,-1,-1
343,68,3.03,443.18,146.07,347.07,1,-1,-1,-1
343,69,1063.66,410.97,192.68,605.43,1,-1,-1,-1
343,70,907.98,428.32,129.07,517.69,1,-1,-1,-1
344,66,252.22,415.27,208.67,403.62,1,-1,-1,-1
344,68,2.26,440.37,148.46,352.40,1,-1,-1,-1
344,69,1064.85,410.96,192.65,605.49,1,-1,-1,-1
344,70,908.26,428.48,128.77,516.30,1,-1,-1,-1
345,66,255.58,413.84,207.55,401.85,1,-1,-1,-1
345,68,6.59,439.84,148.10,352.72,1,-1,-1,-1
345,69,1065.80,414.45,191.85,602.95,1,-1,-1,-1
345,70,909.38,428.11,129.11,517.08,1,-1,-1,-1
346,66,260.70,411.85,206.62,402.57,1,-1,-1,-1
346,68,21.24,437.38,144.93,350.00,1,-1,-1,-1
346,69,1067.32,413.85,191.77,602.51,1,-1,-1,-1
346,70,910.39,427.39,129.33,517.14,1,-1,-1,-1
347,66,267.60,409.95,203.75,401.58,1,-1,-1,-1
347,68,36.01,438.26,140.67,346.73,1,-1,-1,-1
347,69,1068.33,414.42,191.56,601.86,1,-1,-1,-1
347,70,910.63,426.76,129.77,518.19,1,-1,-1,-1
348,66,276.72,408.61,200.27,400.76,1,-1,-1,-1
348,68,47.18,438.23,138.91,347.48,1,-1,-1,-1
348,70,912.00,427.51,129.94,517.74,1,-1,-1,-1
349,66,287.66,403.82,196.50,402.09,1,-1,-1,-1
349,68,52.05,437.70,138.94,347.56,1,-1,-1,-1
349,70,912.83,427.82,130.29,517.29,1,-1,-1,-1
350,66,299.23,402.40,190.71,401.92,1,-1,-1,-1
350,70,914.27,427.92,131.01,517.42,1,-1,-1,-1
351,66,311.57,402.27,183.03,399.47,1,-1,-1,-1
351,70,914.41,428.41,131.11,516.54,1,-1,-1,-1
352,66,321.81,405.05,174.83,394.75,1,-1,-1,-1
352,70,915.63,428.46,131.66,516.52,1,-1,-1,-1
352,71,99.61,443.01,143.01,338.64,1,-1,-1,-1
353,66,336.14,404.23,169.51,396.18,1,-1,-1,-1
353,70,916.19,427.43,132.37,517.32,1,-1,-1,-1
353,71,107.22,443.93,145.45,339.29,1,-1,-1,-1
354,66,350.71,404.33,164.14,396.27,1,-1,-1,-1
354,70,918.62,428.21,131.99,513.52,1,-1,-1,-1
354,71,111.93,445.87,147.49,337.40,1,-1,-1,-1
355,66,362.43,405.33,159.65,394.91,1,-1,-1,-1
355,70,921.02,428.31,129.51,503.53,1,-1,-1,-1
355,71,113.34,444.19,151.09,338.86,1,-1,-1,-1
356,66,372.00,405.11,157.24,395.37,1,-1,-1,-1
356,70,925.72,429.12,128.82,499.15,1,-1,-1,-1
356,71,118.60,442.49,154.13,339.07,1,-1,-1,-1
356,73,26.67,441.83,88.74,412.78,1,-1,-1,-1
357,66,385.11,406.35,156.31,392.52,1,-1,-1,-1
357,70,927.47,429.40,129.41,501.83,1,-1,-1,-1
357,71,122.65,443.75,153.53,331.62,1,-1,-1,-1
357,73,41.53,440.58,92.10,412.71,1,-1,-1,-1
358,66,395.30,408.02,157.60,390.68,1,-1,-1,-1
358,70,928.64,429.70,129.34,502.06,1,-1,-1,-1
358,71,126.36,443.70,154.43,328.83,1,-1,-1,-1
358,73,52.25,442.99,96.91,412.26,1,-1,-1,-1
359,66,403.60,409.57,159.95,388.64,1,-1,-1,-1
359,70,929.57,430.76,129.94,505.37,1,-1,-1,-1
359,71,131.15,442.52,155.99,328.72,1,-1,-1,-1
359,73,58.50,444.08,102.89,411.27,1,-1,-1,-1
359,74,1067.62,415.11,196.28,597.07,1,-1,-1,-1
360,66,409.84,409.55,163.14,388.38,1,-1,-1,-1
360,70,931.60,432.26,129.99,504.66,1,-1,-1,-1
360,71,137.91,442.63,156.29,327.40,1,-1,-1,-1
360,73,59.92,447.36,108.96,407.70,1,-1,-1,-1
360,74,1068.99,413.91,196.65,598.16,1,-1,-1,-1
361,66,413.65,410.67,166.22,387.37,1,-1,-1,-1
361,70,932.78,431.78,130.68,505.89,1,-1,-1,-1
361,71,142.24,441.39,157.16,329.00,1,-1,-1,-1
361,73,57.50,447.92,115.77,406.54,1,-1,-1,-1
361,74,1069.56,414.77,196.64,597.86,1,-1,-1,-1
362,66,415.26,411.23,169.62,387.79,1,-1,-1,-1
362,70,934.47,432.93,130.68,503.66,1,-1,-1,-1
362,71,148.06,442.35,155.25,326.10,1,-1,-1,-1
362,73,54.39,448.01,122.64,404.92,1,-1,-1,-1
362,74,1070.13,414.98,196.60,597.74,1,-1,-1,-1
363,66,413.83,412.82,171.58,385.51,1,-1,-1,-1
363,70,935.80,433.20,130.80,500.03,1,-1,-1,-1
363,71,158.87,441.90,152.40,325.29,1,-1,-1,-1
363,73,51.09,447.62,129.35,403.51,1,-1,-1,-1
364,66,413.74,413.15,173.77,385.25,1,-1,-1,-1
364,70,937.41,430.21,132.16,502.18,1,-1,-1,-1
364,71,171.64,445.48,147.16,321.28,1,-1,-1,-1
364,73,49.79,445.08,135.82,402.87,1,-1,-1,-1
365,66,413.90,418.25,173.18,378.11,1,-1,-1,-1
365,70,938.19,431.22,132.93,500.58,1,-1,-1,-1
365,71,182.58,445.51,142.86,321.20,1,-1,-1,-1
365,73,48.83,442.59,142.49,403.98,1,-1,-1,-1
366,66,415.14,419.77,174.11,374.73,1,-1,-1,-1
366,70,938.58,430.53,134.14,501.30,1,-1,-1,-1
366,71,189.33,441.35,140.20,324.97,1,-1,-1,-1
366,73,52.33,440.24,146.59,401.73,1,-1,-1,-1
367,66,414.06,417.09,175.94,375.38,1,-1,-1,-1
367,70,939.59,429.96,134.81,501.39,1,-1,-1,-1
367,71,203.05,436.13,138.17,327.55,1,-1,-1,-1
367,73,58.64,440.98,148.43,396.26,1,-1,-1,-1
368,66,414.15,412.26,178.47,379.07,1,-1,-1,-1
368,70,939.32,426.81,136.22,506.22,1,-1,-1,-1
368,71,220.82,436.16,136.25,325.16,1,-1,-1,-1
368,73,69.53,440.61,147.92,389.24,1,-1,-1,-1
369,66,415.44,410.69,177.90,378.00,1,-1,-1,-1
369,70,939.97,426.12,136.56,507.28,1,-1,-1,-1
369,71,234.35,437.15,135.28,321.77,1,-1,-1,-1
369,73,84.41,441.95,144.67,381.54,1,-1,-1,-1
370,66,419.63,409.23,177.40,378.33,1,-1,-1,-1
370,70,941.14,426.37,136.36,506.26,1,-1,-1,-1
370,71,246.34,437.85,137.03,321.04,1,-1,-1,-1
370,73,102.54,440.73,142.46,380.68,1,-1,-1,-1
371,66,425.94,407.43,175.81,377.83,1,-1,-1,-1
371,70,941.97,426.44,136.37,506.72,1,-1,-1,-1
371,71,253.61,438.47,140.20,321.92,1,-1,-1,-1
371,73,117.96,440.04,139.92,381.29,1,-1,-1,-1
372,66,433.87,407.46,172.15,373.37,1,-1,-1,-1
372,70,944.04,426.32,136.49,507.69,1,-1,-1,-1
372,71,258.18,439.04,143.27,322.65,1,-1,-1,-1
372,73,132.80,437.02,139.71,384.92,1,-1,-1,-1
373,66,446.11,403.36,168.09,371.58,1,-1,-1,-1
373,70,946.57,426.52,136.64,509.02,1,-1,-1,-1
373,71,258.55,438.55,145.62,322.05,1,-1,-1,-1
373,73,146.03,439.41,138.65,381.87,1,-1,-1,-1
374,66,457.12,402.69,163.63,370.56,1,-1,-1,-1
374,70,949.57,426.42,136.78,510.05,1,-1,-1,-1
374,71,261.67,440.29,146.57,318.42,1,-1,-1,-1
374,73,161.18,440.82,139.75,378.93,1,-1,-1,-1
375,66,465.37,401.22,158.81,370.89,1,-1,-1,-1
375,70,953.60,425.89,136.67,510.47,1,-1,-1,-1
375,71,264.15,442.46,145.26,310.10,1,-1,-1,-1
375,73,173.62,443.18,142.48,375.65,1,-1,-1,-1
376,66,470.99,400.34,158.35,369.81,1,-1,-1,-1
376,70,957.16,426.09,136.16,510.87,1,-1,-1,-1
376,71,264.19,442.02,147.13,309.74,1,-1,-1,-1
376,73,182.78,444.46,147.32,374.68,1,-1,-1,-1
377,70,961.32,427.80,134.99,509.87,1,-1,-1,-1
377,71,268.94,442.52,147.73,309.68,1,-1,-1,-1
377,73,186.11,446.82,151.56,372.20,1,-1,-1,-1
378,70,965.51,427.31,133.87,508.73,1,-1,-1,-1
378,71,274.15,440.86,147.81,311.18,1,-1,-1,-1
378,73,184.79,444.87,156.59,373.11,1,-1,-1,-1
379,70,967.56,426.77,132.85,508.89,1,-1,-1,-1
379,71,277.92,441.47,146.87,311.02,1,-1,-1,-1
379,73,184.68,450.79,159.17,366.71,1,-1,-1,-1
379,75,526.17,400.02,120.96,371.61,1,-1,-1,-1
380,70,969.41,426.91,132.24,509.12,1,-1,-1,-1
380,71,289.56,445.55,142.15,305.04,1,-1,-1,-1
380,73,185.16,450.71,163.44,366.20,1,-1,-1,-1
380,75,535.09,403.06,120.69,369.09,1,-1,-1,-1
381,70,972.81,426.37,132.65,510.32,1,-1,-1,-1
381,71,296.02,446.08,141.45,303.52,1,-1,-1,-1
381,73,187.38,447.71,166.55,364.10,1,-1,-1,-1
381,75,538.64,405.52,120.43,366.57,1,-1,-1,-1
382,70,975.12,428.40,132.35,508.58,1,-1,-1,-1
382,73,194.92,447.66,168.00,362.07,1,-1,-1,-1
382,75,544.15,408.02,120.25,363.32,1,-1,-1,-1
382,77,12.49,439.92,156.82,367.92,1,-1,-1,-1
383,70,977.26,428.50,132.56,508.09,1,-1,-1,-1
383,73,200.61,445.89,169.78,363.21,1,-1,-1,-1
383,75,549.13,409.54,121.17,361.59,1,-1,-1,-1
383,77,18.50,440.32,158.18,367.51,1,-1,-1,-1
384,70,978.40,426.63,133.05,510.10,1,-1,-1,-1
384,73,204.38,447.63,168.24,358.27,1,-1,-1,-1
384,75,553.06,411.02,122.25,359.51,1,-1,-1,-1
384,77,21.77,438.56,160.32,368.02,1,-1,-1,-1
385,70,980.60,426.53,133.10,510.29,1,-1,-1,-1
385,73,213.99,444.58,166.88,358.68,1,-1,-1,-1
385,75,554.77,412.22,123.59,358.09,1,-1,-1,-1
385,77,24.09,439.54,162.59,367.48,1,-1,-1,-1
386,73,224.53,444.43,164.01,357.82,1,-1,-1,-1
386,75,555.37,413.54,124.95,355.56,1,-1,-1,-1
386,77,23.99,439.15,165.46,368.00,1,-1,-1,-1
387,73,238.95,444.49,159.73,356.98,1,-1,-1,-1
387,75,555.66,412.68,126.64,354.40,1,-1,-1,-1
387,77,22.48,436.54,168.62,369.82,1,-1,-1,-1
387,79,380.02,438.40,109.73,302.72,1,-1,-1,-1
388,73,252.78,443.29,154.13,356.98,1,-1,-1,-1
388,75,555.27,411.81,128.09,352.92,1,-1,-1,-1
388,77,26.21,435.75,170.00,369.30,1,-1,-1,-1
388,79,389.92,440.09,111.53,302.09,1,-1,-1,-1
388,80,1074.81,406.97,210.90,610.12,1,-1,-1,-1
389,73,265.75,441.02,149.77,359.85,1,-1,-1,-1
389,75,556.26,411.62,129.58,352.83,1,-1,-1,-1
389,77,34.69,434.20,170.29,368.24,1,-1,-1,-1
389,79,394.00,441.70,113.99,301.12,1,-1,-1,-1
389,80,1075.99,408.42,210.55,608.29,1,-1,-1,-1
390,73,275.96,443.48,144.53,358.12,1,-1,-1,-1
390,75,559.12,411.22,130.52,352.83,1,-1,-1,-1
390,77,43.51,435.18,168.92,365.91,1,-1,-1,-1
390,79,394.86,440.07,117.92,302.89,1,-1,-1,-1
390,80,1074.02,407.34,211.39,609.53,1,-1,-1,-1
391,73,288.15,444.09,141.74,357.81,1,-1,-1,-1
391,75,562.35,409.43,130.08,350.83,1,-1,-1,-1
391,77,53.60,433.38,167.71,367.52,1,-1,-1,-1
391,79,399.46,442.35,119.78,300.15,1,-1,-1,-1
391,80,1073.22,406.56,211.42,609.63,1,-1,-1,-1
392,73,301.69,443.43,140.99,355.39,1,-1,-1,-1
392,75,567.52,405.92,129.36,349.38,1,-1,-1,-1
392,77,62.30,432.49,164.93,366.66,1,-1,-1,-1
392,79,402.25,441.46,121.98,297.47,1,-1,-1,-1
392,80,1072.18,408.09,210.68,608.07,1,-1,-1,-1
393,73,310.58,443.49,142.88,356.23,1,-1,-1,-1
393,75,573.83,404.32,127.86,348.01,1,-1,-1,-1
393,77,73.71,433.62,161.66,366.17,1,-1,-1,-1
393,79,404.14,436.65,126.07,301.30,1,-1,-1,-1
393,80,1071.09,407.60,210.34,608.67,1,-1,-1,-1
394,73,317.01,444.50,145.10,356.40,1,-1,-1,-1
394,75,580.92,405.15,125.61,346.47,1,-1,-1,-1
394,77,80.73,434.03,160.27,366.87,1,-1,-1,-1
394,79,406.28,434.62,128.46,302.08,1,-1,-1,-1
394,80,1073.65,408.53,210.46,607.39,1,-1,-1,-1
394,81,982.18,429.12,128.48,506.48,1,-1,-1,-1
395,73,322.34,445.92,147.22,355.13,1,-1,-1,-1
395,75,587.09,405.11,123.83,346.08,1,-1,-1,-1
395,77,86.77,433.72,160.20,366.73,1,-1,-1,-1
395,79,412.27,436.70,128.36,298.60,1,-1,-1,-1
395,80,1073.26,408.69,210.35,607.09,1,-1,-1,-1
395,81,982.90,431.04,127.85,504.26,1,-1,-1,-1
396,73,324.48,447.74,148.87,352.84,1,-1,-1,-1
396,75,595.69,401.32,121.55,345.73,1,-1,-1,-1
396,79,416.12,439.84,128.13,295.67,1,-1,-1,-1
396,81,982.54,431.07,127.49,503.76,1,-1,-1,-1
397,73,325.95,449.02,150.94,351.35,1,-1,-1,-1
397,75,604.68,402.91,119.23,346.20,1,-1,-1,-1
397,79,421.40,440.04,127.74,294.79,1,-1,-1,-1
397,81,983.18,430.90,127.27,503.83,1,-1,-1,-1
398,73,327.32,449.66,152.48,349.59,1,-1,-1,-1
398,75,610.06,403.19,117.72,346.10,1,-1,-1,-1
398,81,983.39,431.77,126.87,503.37,1,-1,-1,-1
399,73,329.26,451.30,152.50,345.37,1,-1,-1,-1
399,75,615.59,408.54,115.41,339.92,1,-1,-1,-1
399,81,983.83,432.64,126.36,502.69,1,-1,-1,-1
399,82,144.15,440.15,154.21,358.69,1,-1,-1,-1
399,83,1077.66,416.14,207.33,605.76,1,-1,-1,-1
400,73,332.33,449.29,153.09,343.60,1,-1,-1,-1
400,75,622.94,407.05,116.50,342.12,1,-1,-1,-1
400,81,983.62,432.16,126.20,503.54,1,-1,-1,-1
400,82,149.99,440.25,156.42,360.60,1,-1,-1,-1
400,83,1077.13,416.11,207.54,606.35,1,-1,-1,-1
401,73,336.58,447.10,153.57,342.89,1,-1,-1,-1
401,75,630.14,408.78,117.08,340.05,1,-1,-1,-1
401,81,983.64,431.60,126.19,504.65,1,-1,-1,-1
401,82,153.20,441.96,157.45,359.07,1,-1,-1,-1
402,73,343.29,447.31,152.56,341.69,1,-1,-1,-1
402,75,638.02,408.26,118.87,338.48,1,-1,-1,-1
402,81,983.91,431.39,126.04,505.33,1,-1,-1,-1
402,82,161.25,441.42,159.22,357.87,1,-1,-1,-1
403,73,348.87,445.14,150.51,338.76,1,-1,-1,-1
403,75,643.24,405.93,121.81,339.79,1,-1,-1,-1
403,81,983.81,430.32,125.96,506.51,1,-1,-1,-1
403,82,164.25,442.21,160.72,355.03,1,-1,-1,-1
404,73,356.60,438.10,148.92,340.48,1,-1,-1,-1
404,75,647.36,407.95,124.63,338.37,1,-1,-1,-1
404,81,983.92,428.91,126.08,508.29,1,-1,-1,-1
404,82,168.32,442.01,161.88,352.54,1,-1,-1,-1
405,73,367.54,439.49,144.07,336.21,1,-1,-1,-1
405,75,649.04,407.67,127.96,339.19,1,-1,-1,-1
405,81,983.86,428.57,125.81,508.75,1,-1,-1,-1
405,82,168.57,439.35,164.23,353.53,1,-1,-1,-1
405,86,1076.30,411.08,192.90,610.56,1,-1,-1,-1
406,73,380.39,440.34,138.49,332.62,1,-1,-1,-1
406,75,650.98,409.61,129.86,337.60,1,-1,-1,-1
406,81,984.12,428.07,125.77,509.71,1,-1,-1,-1
406,82,174.79,438.47,163.85,350.78,1,-1,-1,-1
406,86,1074.08,405.90,194.19,615.95,1,-1,-1,-1
406,88,507.69,436.08,126.57,296.88,1,-1,-1,-1
407,73,390.51,440.77,134.41,332.11,1,-1,-1,-1
407,75,651.64,410.81,131.44,336.22,1,-1,-1,-1
407,81,984.78,427.86,125.50,509.49,1,-1,-1,-1
407,82,179.22,439.83,162.98,348.65,1,-1,-1,-1
407,86,1072.95,404.62,194.07,617.08,1,-1,-1,-1
407,88,511.20,443.44,125.06,290.52,1,-1,-1,-1
408,73,401.97,442.07,130.51,330.92,1,-1,-1,-1
408,75,652.10,409.49,133.68,337.16,1,-1,-1,-1
408,81,984.85,427.62,125.60,509.86,1,-1,-1,-1
408,82,187.00,440.53,160.50,345.35,1,-1,-1,-1
408,86,1071.34,402.45,194.64,618.89,1,-1,-1,-1
408,88,511.20,442.05,126.54,291.12,1,-1,-1,-1
409,73,410.26,443.36,126.98,328.39,1,-1,-1,-1
409,75,652.00,408.02,136.46,339.49,1,-1,-1,-1
409,82,198.44,439.91,154.33,336.48,1,-1,-1,-1
409,88,510.35,438.28,128.54,292.06,1,-1,-1,-1
410,73,419.52,441.72,125.09,328.59,1,-1,-1,-1
410,75,652.65,408.93,137.94,338.96,1,-1,-1,-1
410,82,215.45,436.81,149.76,335.20,1,-1,-1,-1
410,88,515.27,437.88,128.60,289.40,1,-1,-1,-1
411,73,432.02,442.24,125.61,328.03,1,-1,-1,-1
411,75,652.33,410.06,139.23,337.49,1,-1,-1,-1
411,82,232.44,434.22,145.13,335.55,1,-1,-1,-1
411,88,515.86,436.28,130.26,290.34,1,-1,-1,-1
412,73,440.90,444.62,126.36,325.48,1,-1,-1,-1
412,75,653.31,411.75,139.06,333.33,1,-1,-1,-1
412,82,245.20,432.37,141.39,336.73,1,-1,-1,-1
412,88,519.03,433.39,131.08,291.20,1,-1,-1,-1
413,73,448.43,450.04,127.72,320.68,1,-1,-1,-1
413,75,654.48,410.51,139.04,331.26,1,-1,-1,-1
413,82,254.60,431.94,138.09,340.02,1,-1,-1,-1
413,88,526.99,433.40,129.66,287.47,1,-1,-1,-1
413,90,1065.64,409.64,186.08,612.36,1,-1,-1,-1
414,73,451.02,451.17,130.37,319.57,1,-1,-1,-1
414,75,657.08,411.06,137.98,326.77,1,-1,-1,-1
414,82,264.80,432.11,135.47,340.84,1,-1,-1,-1
414,88,534.45,435.08,128.06,284.34,1,-1,-1,-1
414,90,1064.68,409.96,185.94,612.24,1,-1,-1,-1
415,73,451.51,451.93,133.07,318.55,1,-1,-1,-1
415,75,659.77,411.77,138.11,325.86,1,-1,-1,-1
415,82,276.28,431.92,134.07,340.39,1,-1,-1,-1
415,88,538.80,434.67,126.81,284.28,1,-1,-1,-1
415,90,1062.10,413.49,185.06,608.81,1,-1,-1,-1
416,73,451.02,451.42,135.75,318.68,1,-1,-1,-1
416,75,665.09,410.92,137.36,325.88,1,-1,-1,-1
416,82,283.47,434.03,132.90,338.38,1,-1,-1,-1
416,88,545.93,434.10,124.42,284.44,1,-1,-1,-1
416,90,1059.90,415.39,185.04,607.27,1,-1,-1,-1
417,73,450.48,449.13,138.37,318.35,1,-1,-1,-1
417,75,670.81,409.07,135.69,325.05,1,-1,-1,-1
417,82,296.68,439.15,133.43,332.71,1,-1,-1,-1
417,88,558.37,434.96,121.39,283.70,1,-1,-1,-1
417,90,1058.35,415.24,185.79,607.97,1,-1,-1,-1
418,73,450.16,446.52,141.72,320.54,1,-1,-1,-1
418,75,677.37,408.91,133.98,324.65,1,-1,-1,-1
418,82,302.13,437.80,137.01,333.84,1,-1,-1,-1
418,88,570.10,435.09,119.12,285.37,1,-1,-1,-1
418,90,1057.87,413.56,186.12,608.14,1,-1,-1,-1
419,73,452.50,443.30,144.22,323.11,1,-1,-1,-1
419,75,684.54,408.22,132.13,324.81,1,-1,-1,-1
419,82,304.87,440.73,139.91,331.86,1,-1,-1,-1
419,88,581.73,434.83,116.68,285.39,1,-1,-1,-1
419,90,1055.74,414.91,186.75,607.68,1,-1,-1,-1
420,73,454.20,442.42,144.71,322.09,1,-1,-1,-1
420,75,691.13,407.30,129.68,324.27,1,-1,-1,-1
420,82,307.51,443.15,142.51,328.53,1,-1,-1,-1
420,88,589.29,435.58,114.10,284.00,1,-1,-1,-1
420,90,1053.21,410.55,188.93,613.45,1,-1,-1,-1
421,73,458.07,440.66,145.05,323.58,1,-1,-1,-1
421,75,697.70,406.54,126.80,323.26,1,-1,-1,-1
421,82,308.91,440.94,147.29,329.41,1,-1,-1,-1
421,88,598.94,434.78,113.32,283.02,1,-1,-1,-1
421,90,1051.81,410.21,190.01,615.06,1,-1,-1,-1
422,73,463.69,441.35,143.36,321.75,1,-1,-1,-1
422,75,703.49,407.33,124.82,323.38,1,-1,-1,-1
422,82,312.57,445.23,148.85,323.84,1,-1,-1,-1
422,88,605.81,434.68,114.74,284.44,1,-1,-1,-1
422,90,1050.35,410.31,190.12,615.39,1,-1,-1,-1
423,73,470.43,443.74,139.34,316.54,1,-1,-1,-1
423,75,710.92,408.21,122.63,322.72,1,-1,-1,-1
423,82,317.09,443.41,151.60,322.98,1,-1,-1,-1
423,88,615.61,437.51,115.38,280.21,1,-1,-1,-1
424,73,478.13,442.67,136.90,316.90,1,-1,-1,-1
424,75,715.13,409.28,121.01,323.28,1,-1,-1,-1
424,82,320.21,440.73,153.82,322.58,1,-1,-1,-1
424,88,620.67,439.00,117.10,277.61,1,-1,-1,-1
424,91,853.78,437.31,52.50,166.45,1,-1,-1,-1
425,73,490.46,442.38,132.96,316.81,1,-1,-1,-1
425,75,719.98,407.36,120.17,324.18,1,-1,-1,-1
425,82,322.13,436.40,156.88,326.41,1,-1,-1,-1
425,88,621.85,440.04,118.59,275.40,1,-1,-1,-1
425,91,853.13,437.24,52.49,166.43,1,-1,-1,-1
426,73,503.14,440.91,129.07,316.55,1,-1,-1,-1
426,75,723.90,407.07,119.00,324.72,1,-1,-1,-1
426,82,327.70,433.65,157.02,327.54,1,-1,-1,-1
426,88,622.46,440.00,120.93,275.47,1,-1,-1,-1
427,73,510.33,441.98,125.17,316.92,1,-1,-1,-1
427,75,727.34,407.76,117.29,323.36,1,-1,-1,-1
427,82,334.89,432.34,154.87,325.35,1,-1,-1,-1
427,88,622.58,442.75,122.46,273.59,1,-1,-1,-1
428,73,516.27,440.66,122.97,320.68,1,-1,-1,-1
428,75,731.15,408.95,115.61,321.16,1,-1,-1,-1
428,82,343.29,435.73,149.57,318.62,1,-1,-1,-1
428,88,621.93,442.58,124.23,273.02,1,-1,-1,-1
429,73,525.88,440.05,119.85,318.91,1,-1,-1,-1
429,75,734.61,411.34,113.96,318.13,1,-1,-1,-1
429,82,355.77,437.88,143.57,313.02,1,-1,-1,-1
429,88,623.04,442.72,124.63,272.07,1,-1,-1,-1
430,73,538.13,440.61,118.66,315.53,1,-1,-1,-1
430,75,738.54,411.20,113.57,317.72,1,-1,-1,-1
430,82,362.65,437.89,142.68,311.09,1,-1,-1,-1
430,88,629.58,442.21,122.80,269.96,1,-1,-1,-1
431,73,546.13,441.19,119.74,316.49,1,-1,-1,-1
431,75,738.87,411.15,114.01,318.40,1,-1,-1,-1
431,88,634.49,440.93,122.04,270.38,1,-1,-1,-1
431,93,1574.21,322.06,307.38,757.16,1,-1,-1,-1
432,73,552.23,440.50,121.87,318.45,1,-1,-1,-1
432,75,739.79,410.92,114.32,317.98,1,-1,-1,-1
432,88,639.99,441.41,120.62,268.83,1,-1,-1,-1
432,93,1544.79,307.34,318.16,772.29,1,-1,-1,-1
433,73,556.53,440.01,124.42,319.36,1,-1,-1,-1
433,75,742.96,412.95,113.53,316.60,1,-1,-1,-1
433,88,646.28,442.70,118.72,267.39,1,-1,-1,-1
433,93,1513.77,295.05,330.74,784.89,1,-1,-1,-1
434,73,558.07,439.54,125.78,316.82,1,-1,-1,-1
434,75,745.81,411.98,113.40,316.76,1,-1,-1,-1
434,88,651.13,443.06,118.23,266.29,1,-1,-1,-1
434,93,1482.82,289.06,342.54,790.58,1,-1,-1,-1
435,73,558.17,439.72,127.72,317.69,1,-1,-1,-1
435,75,745.86,411.84,112.54,315.97,1,-1,-1,-1
435,93,1430.43,296.98,347.83,782.75,1,-1,-1,-1
435,94,429.84,445.13,96.20,303.22,1,-1,-1,-1
436,73,557.60,439.71,129.27,317.70,1,-1,-1,-1
436,75,747.38,411.59,110.65,313.22,1,-1,-1,-1
436,93,1364.77,301.61,352.74,777.28,1,-1,-1,-1
436,94,435.26,438.59,99.42,311.00,1,-1,-1,-1
437,73,557.40,439.69,130.63,317.46,1,-1,-1,-1
437,75,752.78,411.69,108.52,310.81,1,-1,-1,-1
437,93,1332.09,298.04,354.33,780.78,1,-1,-1,-1
437,94,440.05,442.70,99.73,308.07,1,-1,-1,-1
438,73,559.17,441.12,131.00,314.00,1,-1,-1,-1
438,75,754.64,411.10,107.02,309.54,1,-1,-1,-1
438,94,444.85,451.12,98.35,298.44,1,-1,-1,-1
439,73,560.77,441.77,131.82,312.51,1,-1,-1,-1
439,75,760.79,411.47,105.22,306.85,1,-1,-1,-1
439,94,447.93,455.70,97.20,289.45,1,-1,-1,-1
440,73,561.53,442.35,132.38,310.92,1,-1,-1,-1
440,75,764.21,412.28,103.78,305.73,1,-1,-1,-1
440,94,450.13,451.00,99.53,290.50,1,-1,-1,-1
440,96,1095.38,353.14,405.14,722.59,1,-1,-1,-1
441,73,564.11,441.67,132.46,309.88,1,-1,-1,-1
441,75,767.21,412.45,103.36,304.48,1,-1,-1,-1
441,94,453.73,444.35,102.91,295.18,1,-1,-1,-1
441,96,1036.02,353.92,404.02,722.57,1,-1,-1,-1
441,97,711.15,434.55,105.95,275.52,1,-1,-1,-1
442,73,566.81,440.84,132.09,309.10,1,-1,-1,-1
442,94,453.19,437.29,106.48,303.00,1,-1,-1,-1
442,96,980.25,356.74,400.90,719.92,1,-1,-1,-1
442,97,715.69,435.18,107.77,278.44,1,-1,-1,-1
443,73,570.15,439.78,131.43,308.78,1,-1,-1,-1
443,94,454.76,435.32,107.88,305.84,1,-1,-1,-1
443,96,939.27,359.93,397.91,716.80,1,-1,-1,-1
443,97,720.97,436.19,108.77,277.77,1,-1,-1,-1
444,73,577.29,439.01,128.48,305.81,1,-1,-1,-1
444,94,464.64,435.41,106.37,300.84,1,-1,-1,-1
444,96,891.18,355.10,398.04,722.22,1,-1,-1,-1
444,97,720.26,437.37,108.62,274.85,1,-1,-1,-1
444,98,1279.48,427.22,183.25,334.89,1,-1,-1,-1
445,73,583.20,439.06,125.40,303.14,1,-1,-1,-1
445,94,472.01,438.35,103.64,294.18,1,-1,-1,-1
445,96,853.66,350.30,399.50,727.17,1,-1,-1,-1
445,97,718.75,439.37,107.95,270.47,1,-1,-1,-1
445,98,1282.19,429.24,181.89,334.00,1,-1,-1,-1
445,99,780.81,410.35,99.06,300.09,1,-1,-1,-1
446,73,593.59,439.32,122.32,301.16,1,-1,-1,-1
446,94,476.85,437.75,103.30,293.21,1,-1,-1,-1
446,96,808.01,340.21,402.14,738.54,1,-1,-1,-1
446,97,722.16,444.78,107.21,264.95,1,-1,-1,-1
446,98,1287.88,427.39,182.75,338.45,1,-1,-1,-1
446,99,783.99,409.45,99.24,300.43,1,-1,-1,-1
447,73,604.14,438.44,119.86,302.41,1,-1,-1,-1
447,96,768.61,337.51,401.01,742.19,1,-1,-1,-1
447,97,722.56,439.63,109.80,269.20,1,-1,-1,-1
447,98,1294.26,425.94,181.82,340.85,1,-1,-1,-1
447,99,786.67,408.46,99.71,301.84,1,-1,-1,-1
448,73,614.27,439.04,116.48,301.88,1,-1,-1,-1
448,96,738.02,335.14,399.33,744.74,1,-1,-1,-1
448,97,724.66,439.76,109.63,268.79,1,-1,-1,-1
448,98,1300.24,422.31,181.35,345.30,1,-1,-1,-1
449,73,618.66,437.51,115.81,307.38,1,-1,-1,-1
449,96,702.65,331.57,397.16,748.52,1,-1,-1,-1
449,98,1305.58,422.79,177.57,343.71,1,-1,-1,-1
449,101,1132.06,412.48,225.20,664.52,1,-1,-1,-1
450,73,624.93,437.64,112.65,304.99,1,-1,-1,-1
450,96,668.34,335.33,392.38,744.82,1,-1,-1,-1
450,98,1311.64,421.23,175.47,345.09,1,-1,-1,-1
450,101,1135.02,413.13,224.60,663.63,1,-1,-1,-1
451,73,630.12,437.38,112.48,304.54,1,-1,-1,-1
451,96,647.33,338.35,386.57,741.67,1,-1,-1,-1
451,98,1318.77,419.64,172.28,346.29,1,-1,-1,-1
451,101,1148.02,408.01,227.30,666.35,1,-1,-1,-1
452,96,613.32,345.95,380.24,734.15,1,-1,-1,-1
452,98,1330.66,417.89,169.66,348.33,1,-1,-1,-1
452,101,1159.16,403.51,231.62,671.31,1,-1,-1,-1
453,96,574.85,346.52,380.08,733.84,1,-1,-1,-1
453,98,1341.34,417.52,166.29,349.19,1,-1,-1,-1
453,101,1168.49,404.61,235.75,670.73,1,-1,-1,-1
453,103,517.23,434.62,112.79,293.80,1,-1,-1,-1
454,98,1350.45,418.49,162.63,349.87,1,-1,-1,-1
454,101,1175.59,406.13,240.97,670.42,1,-1,-1,-1
454,103,514.53,435.23,112.50,292.26,1,-1,-1,-1
455,98,1358.23,418.89,159.62,351.15,1,-1,-1,-1
455,101,1178.68,407.13,246.10,669.66,1,-1,-1,-1
455,103,516.37,435.69,112.28,291.69,1,-1,-1,-1
456,98,1364.43,417.95,158.53,356.02,1,-1,-1,-1
456,101,1179.15,415.22,249.46,662.22,1,-1,-1,-1
456,105,466.55,384.15,375.54,693.34,1,-1,-1,-1
457,98,1369.80,418.53,157.10,359.98,1,-1,-1,-1
457,101,1176.92,414.39,255.79,663.50,1,-1,-1,-1
457,105,426.72,388.30,375.04,689.43,1,-1,-1,-1
457,106,815.42,408.34,86.66,302.32,1,-1,-1,-1
458,98,1379.45,420.86,155.32,360.83,1,-1,-1,-1
458,101,1175.31,409.56,263.21,668.66,1,-1,-1,-1
458,105,386.69,387.40,377.31,690.99,1,-1,-1,-1
458,106,817.11,408.88,86.14,300.06,1,-1,-1,-1
459,98,1390.29,421.52,157.00,364.47,1,-1,-1,-1
459,101,1175.76,411.40,267.24,666.05,1,-1,-1,-1
459,105,347.06,381.44,382.72,697.23,1,-1,-1,-1
459,106,818.09,409.38,85.82,298.93,1,-1,-1,-1
460,98,1397.42,423.35,158.43,365.63,1,-1,-1,-1
460,101,1177.04,412.98,271.08,664.76,1,-1,-1,-1
460,105,311.92,375.78,387.32,703.30,1,-1,-1,-1
460,107,666.52,440.12,131.15,296.07,1,-1,-1,-1
461,98,1402.16,425.52,159.84,365.65,1,-1,-1,-1
461,101,1179.25,416.75,273.79,661.24,1,-1,-1,-1
461,105,276.80,370.72,392.29,708.21,1,-1,-1,-1
461,107,664.55,439.35,131.57,296.96,1,-1,-1,-1
462,98,1404.95,427.07,162.08,367.73,1,-1,-1,-1
462,101,1176.18,411.05,278.48,667.71,1,-1,-1,-1
462,105,245.13,361.72,399.58,717.23,1,-1,-1,-1
462,107,667.19,438.95,131.88,298.13,1,-1,-1,-1
463,98,1407.15,427.46,163.86,369.18,1,-1,-1,-1
463,101,1176.86,405.15,282.14,674.14,1,-1,-1,-1
463,105,213.34,356.87,405.92,722.89,1,-1,-1,-1
463,107,672.16,438.10,131.16,298.17,1,-1,-1,-1
464,98,1411.02,424.80,165.28,372.64,1,-1,-1,-1
464,101,1180.36,404.67,283.61,672.55,1,-1,-1,-1
464,105,185.69,354.51,409.38,725.53,1,-1,-1,-1
464,107,677.28,436.21,129.81,298.35,1,-1,-1,-1
465,98,1417.33,423.74,165.66,376.32,1,-1,-1,-1
465,101,1187.46,408.81,281.05,666.89,1,-1,-1,-1
465,105,155.84,352.27,413.89,725.60,1,-1,-1,-1
465,107,684.79,434.15,127.95,298.78,1,-1,-1,-1
466,98,1421.54,423.15,165.35,378.84,1,-1,-1,-1
466,101,1197.00,410.40,277.63,663.52,1,-1,-1,-1
466,105,124.50,353.88,416.45,722.92,1,-1,-1,-1
466,107,695.16,433.29,126.56,301.12,1,-1,-1,-1
467,98,1426.17,422.83,164.00,380.15,1,-1,-1,-1
467,101,1210.98,409.79,273.13,661.06,1,-1,-1,-1
467,105,95.26,362.75,415.82,713.33,1,-1,-1,-1
467,107,705.04,434.18,123.21,300.30,1,-1,-1,-1
467,110,566.66,431.88,108.60,277.72,1,-1,-1,-1
468,98,1429.91,419.18,163.98,384.88,1,-1,-1,-1
468,101,1222.77,411.13,268.16,659.10,1,-1,-1,-1
468,105,53.06,368.32,421.50,709.37,1,-1,-1,-1
468,107,712.34,433.93,120.09,300.39,1,-1,-1,-1
468,110,573.05,431.86,108.17,278.33,1,-1,-1,-1
469,98,1445.33,418.20,158.92,384.35,1,-1,-1,-1
469,101,1234.41,410.22,263.96,663.00,1,-1,-1,-1
469,105,29.03,374.54,422.84,702.45,1,-1,-1,-1
469,107,719.34,434.27,117.35,299.76,1,-1,-1,-1
469,110,576.15,432.00,108.17,278.32,1,-1,-1,-1
469,111,832.92,411.00,91.55,297.32,1,-1,-1,-1
469,112,1132.14,428.00,151.59,565.46,1,-1,-1,-1
470,98,1457.21,414.28,156.12,388.43,1,-1,-1,-1
470,101,1249.02,402.40,261.22,670.97,1,-1,-1,-1
470,105,14.27,379.42,421.96,696.09,1,-1,-1,-1
470,107,727.89,435.31,115.04,297.72,1,-1,-1,-1
470,111,833.43,412.22,91.43,297.05,1,-1,-1,-1
470,112,1133.77,426.43,153.85,574.63,1,-1,-1,-1
471,98,1467.52,412.90,152.46,389.41,1,-1,-1,-1
471,101,1255.94,401.48,261.49,671.68,1,-1,-1,-1
471,105,0.92,387.39,420.04,690.23,1,-1,-1,-1
471,107,735.06,435.03,114.14,297.21,1,-1,-1,-1
471,111,834.97,412.41,91.12,296.14,1,-1,-1,-1
471,112,1139.70,425.67,155.03,578.05,1,-1,-1,-1
472,98,1473.41,411.58,149.73,391.46,1,-1,-1,-1
472,105,-9.34,395.83,414.03,680.80,1,-1,-1,-1
472,107,740.11,436.64,113.35,295.30,1,-1,-1,-1
472,111,835.54,412.89,90.84,295.02,1,-1,-1,-1
472,112,1142.54,423.90,156.70,582.89,1,-1,-1,-1
473,98,1480.81,411.30,147.29,392.15,1,-1,-1,-1
473,105,-20.77,399.32,408.29,676.38,1,-1,-1,-1
473,107,743.62,437.62,113.08,294.16,1,-1,-1,-1
473,111,837.26,409.89,92.33,298.30,1,-1,-1,-1
473,112,1143.97,419.96,158.91,590.18,1,-1,-1,-1
474,98,1488.30,410.94,146.27,394.18,1,-1,-1,-1
474,105,-30.65,400.94,403.54,677.05,1,-1,-1,-1
474,107,744.72,439.09,112.68,292.86,1,-1,-1,-1
474,111,835.65,410.00,91.93,297.25,1,-1,-1,-1
474,112,1148.01,422.22,158.99,588.55,1,-1,-1,-1
474,113,614.55,433.92,79.94,276.67,1,-1,-1,-1
474,114,1335.28,399.75,197.70,679.62,1,-1,-1,-1
475,98,1495.60,411.89,145.44,392.97,1,-1,-1,-1
475,105,-39.13,396.31,398.95,681.02,1,-1,-1,-1
475,107,745.59,439.58,113.11,292.83,1,-1,-1,-1
475,111,836.35,411.32,91.75,296.64,1,-1,-1,-1
475,112,1151.29,422.18,159.66,588.91,1,-1,-1,-1
475,113,616.67,437.68,78.92,272.97,1,-1,-1,-1
475,114,1342.86,401.46,197.22,676.24,1,-1,-1,-1
476,98,1508.38,412.85,146.46,393.03,1,-1,-1,-1
476,105,-46.51,388.87,395.09,689.04,1,-1,-1,-1
476,107,745.94,437.06,114.23,294.66,1,-1,-1,-1
476,111,836.89,411.29,91.70,296.49,1,-1,-1,-1
476,112,1156.31,421.71,160.22,588.98,1,-1,-1,-1
476,113,618.13,436.52,79.27,273.38,1,-1,-1,-1
476,114,1345.44,399.24,198.01,678.49,1,-1,-1,-1
477,98,1521.83,414.05,149.25,394.07,1,-1,-1,-1
477,105,-52.92,382.28,389.70,697.04,1,-1,-1,-1
477,107,746.43,435.22,114.75,295.97,1,-1,-1,-1
477,112,1160.10,421.56,160.80,588.90,1,-1,-1,-1
477,113,621.13,436.96,79.10,272.32,1,-1,-1,-1
477,114,1346.91,398.66,198.34,679.31,1,-1,-1,-1
478,98,1530.43,412.64,154.19,397.70,1,-1,-1,-1
478,105,-57.88,376.30,381.88,702.85,1,-1,-1,-1
478,107,748.66,435.49,113.85,294.03,1,-1,-1,-1
478,112,1163.08,420.60,161.68,590.20,1,-1,-1,-1
478,113,626.55,437.90,78.35,269.30,1,-1,-1,-1
478,114,1349.62,396.99,198.65,679.29,1,-1,-1,-1
479,98,1537.95,412.61,160.11,401.60,1,-1,-1,-1
479,105,-61.26,374.36,371.05,704.74,1,-1,-1,-1
479,107,751.99,435.18,112.91,293.36,1,-1,-1,-1
479,112,1167.75,420.42,162.52,591.75,1,-1,-1,-1
479,113,632.52,438.92,76.93,262.98,1,-1,-1,-1
479,114,1355.94,396.39,200.08,681.02,1,-1,-1,-1
479,115,897.59,431.87,98.22,245.20,1,-1,-1,-1
480,98,1543.36,414.84,167.24,405.83,1,-1,-1,-1
480,105,-78.17,373.46,371.61,705.81,1,-1,-1,-1
480,107,756.36,434.10,111.63,293.05,1,-1,-1,-1
480,112,1171.51,419.25,163.79,594.72,1,-1,-1,-1
480,113,636.02,438.00,75.68,258.69,1,-1,-1,-1
480,114,1367.18,398.86,201.87,678.88,1,-1,-1,-1
480,115,896.45,432.82,98.79,245.09,1,-1,-1,-1
480,116,840.56,413.14,91.34,293.39,1,-1,-1,-1
481,98,1547.22,415.48,173.63,410.13,1,-1,-1,-1
481,107,764.43,433.51,108.98,291.76,1,-1,-1,-1
481,112,1176.12,419.10,163.17,592.09,1,-1,-1,-1
481,113,638.58,436.17,77.18,263.70,1,-1,-1,-1
481,114,1375.92,399.62,205.47,678.36,1,-1,-1,-1
481,115,898.41,433.06,99.27,245.20,1,-1,-1,-1
481,116,841.17,413.40,90.92,292.48,1,-1,-1,-1
482,98,1548.44,415.92,178.28,413.30,1,-1,-1,-1
482,107,772.37,431.95,108.01,294.06,1,-1,-1,-1
482,112,1182.23,417.23,163.23,589.37,1,-1,-1,-1
482,113,640.81,433.78,78.37,267.30,1,-1,-1,-1
482,114,1383.90,397.83,210.77,680.83,1,-1,-1,-1
482,115,898.49,434.65,99.74,244.37,1,-1,-1,-1
482,116,840.81,412.51,90.83,292.50,1,-1,-1,-1
483,98,1548.84,418.80,180.94,412.61,1,-1,-1,-1
483,107,781.91,431.88,106.44,295.37,1,-1,-1,-1
483,112,1187.84,417.53,163.22,586.36,1,-1,-1,-1
483,113,643.42,433.08,78.92,267.53,1,-1,-1,-1
483,114,1387.82,395.35,216.66,684.25,1,-1,-1,-1
483,115,901.78,434.43,100.01,244.32,1,-1,-1,-1
483,116,841.05,412.27,90.78,292.32,1,-1,-1,-1
484,98,1554.58,418.50,183.92,415.08,1,-1,-1,-1
484,107,786.65,431.05,105.07,296.97,1,-1,-1,-1
484,112,1191.25,417.37,163.44,584.92,1,-1,-1,-1
484,113,647.69,431.51,80.31,268.66,1,-1,-1,-1
484,114,1392.32,395.84,222.04,683.52,1,-1,-1,-1
484,115,904.95,445.38,96.08,233.77,1,-1,-1,-1
485,98,1557.10,416.98,185.72,416.66,1,-1,-1,-1
485,107,791.02,430.80,102.86,295.67,1,-1,-1,-1
485,112,1194.54,420.31,164.07,585.46,1,-1,-1,-1
485,113,652.74,429.21,82.33,269.78,1,-1,-1,-1
485,114,1394.90,393.87,228.61,685.98,1,-1,-1,-1
485,115,904.40,441.69,97.65,237.83,1,-1,-1,-1
486,98,1564.44,417.62,184.86,416.51,1,-1,-1,-1
486,107,799.07,432.23,102.01,293.06,1,-1,-1,-1
486,112,1196.98,420.18,165.19,588.17,1,-1,-1,-1
486,113,657.12,428.59,84.95,270.99,1,-1,-1,-1
486,114,1394.82,398.86,232.01,680.09,1,-1,-1,-1
486,115,904.74,437.82,99.53,242.72,1,-1,-1,-1
487,98,1571.31,416.32,184.21,418.68,1,-1,-1,-1
487,107,803.04,433.25,102.24,291.86,1,-1,-1,-1
487,112,1203.57,421.95,166.78,588.18,1,-1,-1,-1
487,113,659.81,426.40,88.02,272.60,1,-1,-1,-1
487,114,1394.26,397.93,237.23,680.35,1,-1,-1,-1
487,115,907.87,436.51,99.91,244.29,1,-1,-1,-1
488,98,1580.53,413.92,183.66,423.37,1,-1,-1,-1
488,107,811.38,434.82,103.47,288.87,1,-1,-1,-1
488,112,1208.40,421.66,168.42,587.62,1,-1,-1,-1
488,113,661.66,425.17,90.68,272.46,1,-1,-1,-1
488,114,1392.65,398.30,241.48,679.02,1,-1,-1,-1
488,115,913.50,434.94,99.18,245.43,1,-1,-1,-1
489,98,1587.15,413.64,184.62,425.57,1,-1,-1,-1
489,107,815.52,436.57,105.65,287.59,1,-1,-1,-1
489,112,1210.40,419.13,170.66,590.12,1,-1,-1,-1
489,113,663.07,428.98,92.17,268.60,1,-1,-1,-1
489,114,1388.61,398.45,244.91,677.12,1,-1,-1,-1
489,115,918.37,436.08,97.25,244.01,1,-1,-1,-1
490,107,820.81,436.82,105.39,286.90,1,-1,-1,-1
490,112,1211.74,421.39,172.51,589.87,1,-1,-1,-1
490,113,661.92,430.43,95.05,269.79,1,-1,-1,-1
490,114,1392.83,398.46,244.80,676.81,1,-1,-1,-1
490,115,925.58,435.15,96.18,244.85,1,-1,-1,-1
491,112,1214.15,422.14,174.44,588.78,1,-1,-1,-1
491,113,662.03,431.43,97.28,269.68,1,-1,-1,-1
491,115,932.07,435.06,95.10,247.43,1,-1,-1,-1
492,112,1216.88,422.84,176.52,587.31,1,-1,-1,-1
492,113,661.90,430.09,99.24,269.68,1,-1,-1,-1
492,115,940.73,434.99,92.67,246.43,1,-1,-1,-1
492,117,1621.34,406.50,159.56,439.99,1,-1,-1,-1
493,112,1219.06,425.87,177.92,583.78,1,-1,-1,-1
493,113,663.16,431.68,99.94,267.90,1,-1,-1,-1
493,115,944.35,435.00,92.79,246.75,1,-1,-1,-1
493,117,1624.50,406.06,160.07,441.41,1,-1,-1,-1
494,112,1219.09,425.94,180.25,583.91,1,-1,-1,-1
494,113,664.23,435.22,100.22,265.16,1,-1,-1,-1
495,112,1219.60,423.82,183.26,586.49,1,-1,-1,-1
495,113,665.46,440.64,99.40,259.60,1,-1,-1,-1
496,112,1221.89,423.90,185.39,585.22,1,-1,-1,-1
496,113,665.88,440.20,100.57,260.63,1,-1,-1,-1
496,120,971.08,432.78,79.65,247.01,1,-1,-1,-1
497,112,1224.75,420.50,188.28,587.61,1,-1,-1,-1
497,113,667.66,435.18,102.63,265.94,1,-1,-1,-1
497,120,977.20,435.02,80.36,245.87,1,-1,-1,-1
497,121,841.43,443.15,112.38,285.72,1,-1,-1,-1
498,112,1228.76,419.64,190.08,587.23,1,-1,-1,-1
498,113,670.33,432.93,103.21,269.15,1,-1,-1,-1
498,120,981.47,439.70,80.57,241.67,1,-1,-1,-1
498,121,841.66,428.68,117.75,300.54,1,-1,-1,-1
499,112,1232.16,419.56,191.77,588.39,1,-1,-1,-1
499,113,676.10,431.06,102.53,271.23,1,-1,-1,-1
499,120,984.58,445.82,80.36,235.38,1,-1,-1,-1
499,121,844.76,425.22,118.50,304.77,1,-1,-1,-1
500,112,1236.04,419.61,192.96,589.47,1,-1,-1,-1
500,113,683.86,431.59,99.98,270.59,1,-1,-1,-1
500,120,989.13,448.59,79.51,232.90,1,-1,-1,-1
500,121,848.53,420.49,118.88,309.16,1,-1,-1,-1
500,123,1674.52,408.84,193.08,473.74,1,-1,-1,-1
501,112,1239.79,419.36,193.08,589.84,1,-1,-1,-1
501,113,689.22,432.11,97.46,270.23,1,-1,-1,-1
501,121,849.78,415.86,120.67,313.83,1,-1,-1,-1
501,123,1681.11,410.43,193.20,474.03,1,-1,-1,-1
502,113,693.46,432.90,95.03,269.83,1,-1,-1,-1
503,113,697.48,433.51,92.43,268.58,1,-1,-1,-1
503,124,975.04,442.34,114.29,238.44,1,-1,-1,-1
504,113,702.04,435.67,89.41,265.94,1,-1,-1,-1
504,124,982.66,451.38,109.15,228.79,1,-1,-1,-1
504,125,1688.78,404.86,230.63,496.85,1,-1,-1,-1
505,113,706.24,438.40,86.51,262.44,1,-1,-1,-1
505,124,986.90,453.34,107.67,227.38,1,-1,-1,-1
505,125,1694.20,401.85,235.10,508.60,1,-1,-1,-1
505,127,1510.63,373.28,236.79,706.73,1,-1,-1,-1
506,113,710.72,435.80,85.58,263.08,1,-1,-1,-1
506,124,990.39,455.19,106.83,225.61,1,-1,-1,-1
506,125,1699.60,400.33,235.54,512.68,1,-1,-1,-1
506,127,1512.80,373.05,236.75,706.99,1,-1,-1,-1
507,113,716.47,434.85,86.42,262.90,1,-1,-1,-1
507,125,1706.24,396.78,235.76,518.79,1,-1,-1,-1
507,127,1516.77,368.85,238.14,711.19,1,-1,-1,-1
507,128,863.69,407.03,87.78,293.58,1,-1,-1,-1
507,129,912.53,439.72,104.29,283.35,1,-1,-1,-1
508,113,722.07,432.20,87.55,262.93,1,-1,-1,-1
508,125,1714.38,397.29,232.18,518.20,1,-1,-1,-1
508,127,1520.57,367.58,238.73,712.45,1,-1,-1,-1
508,128,863.86,407.25,87.76,293.51,1,-1,-1,-1
508,129,916.53,443.20,105.16,282.53,1,-1,-1,-1
509,113,724.15,432.08,88.47,262.77,1,-1,-1,-1
509,125,1719.86,396.44,228.39,518.19,1,-1,-1,-1
509,127,1524.19,366.13,239.24,713.97,1,-1,-1,-1
509,129,920.12,446.55,105.77,279.54,1,-1,-1,-1
509,130,1333.92,409.11,171.08,646.75,1,-1,-1,-1
510,113,728.34,431.10,90.99,264.30,1,-1,-1,-1
510,125,1728.88,393.31,224.75,521.86,1,-1,-1,-1
510,129,921.21,446.33,106.95,278.19,1,-1,-1,-1
510,130,1345.75,407.25,173.93,649.26,1,-1,-1,-1
511,113,730.26,430.50,93.04,265.36,1,-1,-1,-1
511,125,1737.33,391.93,220.55,526.58,1,-1,-1,-1
511,129,924.45,446.02,109.19,277.74,1,-1,-1,-1
511,130,1351.41,409.83,177.12,650.44,1,-1,-1,-1
512,113,734.98,435.13,94.15,260.33,1,-1,-1,-1
512,125,1745.13,390.96,214.14,526.85,1,-1,-1,-1
512,129,923.71,444.41,112.50,279.83,1,-1,-1,-1
512,130,1351.15,409.96,180.98,653.19,1,-1,-1,-1
513,113,734.10,433.44,96.20,260.85,1,-1,-1,-1
513,125,1749.81,389.37,215.67,530.60,1,-1,-1,-1
513,129,922.74,442.56,115.73,281.77,1,-1,-1,-1
513,130,1351.73,414.45,183.87,651.38,1,-1,-1,-1
514,113,735.55,433.69,98.08,261.59,1,-1,-1,-1
514,129,922.78,450.05,115.59,274.10,1,-1,-1,-1
514,130,1351.02,418.09,186.97,649.28,1,-1,-1,-1
515,113,737.54,435.24,98.15,260.28,1,-1,-1,-1
515,129,922.02,445.97,119.82,277.88,1,-1,-1,-1
515,130,1350.15,418.41,190.50,648.63,1,-1,-1,-1
516,113,738.79,433.64,98.90,261.72,1,-1,-1,-1
516,129,924.72,447.20,121.88,278.20,1,-1,-1,-1
516,130,1349.27,417.59,194.48,649.48,1,-1,-1,-1
517,113,741.30,435.12,98.31,260.36,1,-1,-1,-1
517,129,927.99,447.33,123.30,278.14,1,-1,-1,-1
517,130,1348.51,416.15,198.63,651.48,1,-1,-1,-1
517,133,874.59,408.47,102.14,304.70,1,-1,-1,-1
518,113,745.44,434.26,97.60,260.14,1,-1,-1,-1
518,129,927.15,446.54,123.88,276.15,1,-1,-1,-1
518,130,1348.65,415.06,202.38,652.36,1,-1,-1,-1
518,133,875.08,407.79,101.65,303.09,1,-1,-1,-1
519,113,749.33,431.96,97.08,261.09,1,-1,-1,-1
519,129,929.70,446.68,123.60,274.23,1,-1,-1,-1
519,130,1349.26,415.00,206.50,653.01,1,-1,-1,-1
519,133,875.18,409.92,99.58,296.92,1,-1,-1,-1
519,135,684.79,449.79,40.30,123.52,1,-1,-1,-1
519,136,1046.27,450.23,99.96,226.62,1,-1,-1,-1
520,113,752.16,431.67,95.65,259.63,1,-1,-1,-1
520,129,934.66,448.54,122.56,271.98,1,-1,-1,-1
520,130,1354.60,415.40,210.75,654.23,1,-1,-1,-1
520,133,875.68,409.75,98.82,295.05,1,-1,-1,-1
520,135,683.49,449.79,39.94,122.34,1,-1,-1,-1
520,136,1048.94,457.43,96.82,219.17,1,-1,-1,-1
521,113,758.29,432.09,93.23,257.32,1,-1,-1,-1
521,129,937.43,446.39,123.22,274.26,1,-1,-1,-1
521,130,1360.07,414.64,214.57,654.93,1,-1,-1,-1
521,133,876.90,410.29,98.79,295.38,1,-1,-1,-1
521,135,682.38,450.58,39.47,120.97,1,-1,-1,-1
521,136,1048.93,453.44,98.86,223.97,1,-1,-1,-1
522,113,765.52,433.07,90.10,254.22,1,-1,-1,-1
522,129,944.94,448.31,120.51,272.09,1,-1,-1,-1
522,130,1363.99,415.39,218.92,655.29,1,-1,-1,-1
522,133,878.58,410.14,99.02,296.76,1,-1,-1,-1
522,135,681.51,450.93,39.24,120.24,1,-1,-1,-1
522,136,1048.94,446.03,101.90,231.81,1,-1,-1,-1
523,113,773.77,432.26,88.40,254.56,1,-1,-1,-1
523,129,950.63,450.39,117.83,270.76,1,-1,-1,-1
523,130,1368.81,414.24,222.42,657.22,1,-1,-1,-1
523,133,880.92,410.19,98.57,296.89,1,-1,-1,-1
523,136,1051.72,451.01,99.35,226.43,1,-1,-1,-1
524,113,778.66,431.00,88.03,258.91,1,-1,-1,-1
524,129,959.67,449.51,116.51,271.49,1,-1,-1,-1
524,130,1374.56,413.12,225.03,658.42,1,-1,-1,-1
524,133,881.72,406.67,99.28,301.07,1,-1,-1,-1
524,136,1052.78,445.49,100.79,231.37,1,-1,-1,-1
524,137,1579.35,368.06,336.73,711.94,1,-1,-1,-1
525,113,783.63,430.08,86.86,260.51,1,-1,-1,-1
525,129,968.33,450.75,114.00,270.81,1,-1,-1,-1
525,130,1381.63,412.68,225.66,658.54,1,-1,-1,-1
525,133,887.88,404.72,98.80,304.96,1,-1,-1,-1
525,136,1055.46,445.09,100.27,231.37,1,-1,-1,-1
525,137,1584.02,369.17,336.20,710.83,1,-1,-1,-1
526,113,787.50,429.72,85.76,260.67,1,-1,-1,-1
526,129,976.70,449.49,111.77,272.92,1,-1,-1,-1
526,130,1398.98,411.04,224.47,661.87,1,-1,-1,-1
526,133,891.50,403.02,97.95,308.12,1,-1,-1,-1
526,136,1059.05,439.59,101.84,236.86,1,-1,-1,-1
526,137,1584.01,362.46,339.09,717.49,1,-1,-1,-1
527,113,792.74,430.17,85.28,259.98,1,-1,-1,-1
527,129,982.24,450.76,108.30,272.06,1,-1,-1,-1
527,130,1411.20,410.07,222.19,663.25,1,-1,-1,-1
527,133,894.65,401.63,96.74,308.95,1,-1,-1,-1
527,136,1063.44,438.60,101.05,236.62,1,-1,-1,-1
527,137,1585.02,356.60,340.46,721.47,1,-1,-1,-1
528,113,800.47,433.40,84.78,255.32,1,-1,-1,-1
528,129,986.78,451.22,108.13,271.64,1,-1,-1,-1
528,130,1421.93,409.76,219.40,663.94,1,-1,-1,-1
528,133,899.24,402.88,94.42,304.53,1,-1,-1,-1
528,136,1071.82,438.14,100.01,236.68,1,-1,-1,-1
528,137,1589.06,369.34,334.36,708.72,1,-1,-1,-1
529,113,808.44,433.49,87.18,254.88,1,-1,-1,-1
529,130,1429.05,409.67,215.73,659.15,1,-1,-1,-1
529,133,904.40,404.24,92.98,303.74,1,-1,-1,-1
529,136,1074.47,437.00,100.38,237.55,1,-1,-1,-1
529,137,1593.10,374.54,331.59,704.04,1,-1,-1,-1
530,113,812.38,434.11,89.09,253.61,1,-1,-1,-1
530,130,1434.01,408.56,214.96,662.79,1,-1,-1,-1
530,133,908.77,406.65,91.03,301.08,1,-1,-1,-1
530,137,1596.37,378.93,328.95,699.85,1,-1,-1,-1
531,113,813.49,434.82,90.91,252.12,1,-1,-1,-1
531,130,1441.96,407.91,214.60,664.45,1,-1,-1,-1
531,133,912.31,408.84,89.92,299.68,1,-1,-1,-1
531,137,1601.89,383.39,325.50,695.04,1,-1,-1,-1
531,138,1010.16,444.68,91.98,278.34,1,-1,-1,-1
532,113,814.77,435.36,93.10,251.25,1,-1,-1,-1
532,130,1446.39,406.70,213.93,666.28,1,-1,-1,-1
532,133,916.20,410.59,88.90,297.51,1,-1,-1,-1
532,137,1608.63,372.77,327.42,706.09,1,-1,-1,-1
532,138,1017.33,447.30,91.92,275.68,1,-1,-1,-1
533,113,814.19,435.85,95.12,250.56,1,-1,-1,-1
533,130,1450.96,407.69,213.07,665.10,1,-1,-1,-1
533,133,919.81,411.64,88.64,296.24,1,-1,-1,-1
533,137,1618.76,364.81,326.41,714.78,1,-1,-1,-1
533,138,1021.49,447.64,93.29,275.73,1,-1,-1,-1
534,113,815.65,435.87,97.07,249.63,1,-1,-1,-1
534,130,1455.58,408.77,213.28,664.18,1,-1,-1,-1
534,133,924.02,412.04,89.15,295.18,1,-1,-1,-1
534,137,1633.24,365.62,319.66,714.25,1,-1,-1,-1
534,138,1024.30,448.74,94.37,273.97,1,-1,-1,-1
535,113,814.79,433.70,100.01,252.19,1,-1,-1,-1
535,130,1460.46,410.87,214.06,661.73,1,-1,-1,-1
535,133,927.62,412.09,90.44,295.19,1,-1,-1,-1
535,137,1649.65,375.79,307.87,704.19,1,-1,-1,-1
535,138,1026.24,453.26,94.69,269.24,1,-1,-1,-1
536,113,816.41,432.75,102.31,252.89,1,-1,-1,-1
536,130,1463.45,412.79,215.31,660.02,1,-1,-1,-1
536,133,929.06,411.82,92.09,295.89,1,-1,-1,-1
536,137,1673.01,379.07,295.94,700.94,1,-1,-1,-1
536,138,1026.66,450.13,97.91,272.50,1,-1,-1,-1
537,113,815.53,433.43,104.76,254.03,1,-1,-1,-1
537,130,1467.29,412.42,217.74,660.69,1,-1,-1,-1
537,133,930.08,411.03,93.60,296.15,1,-1,-1,-1
537,137,1690.84,376.32,285.42,703.71,1,-1,-1,-1
537,138,1026.70,447.76,100.86,275.30,1,-1,-1,-1
538,113,814.97,433.53,106.68,254.03,1,-1,-1,-1
538,130,1469.71,409.10,221.14,664.50,1,-1,-1,-1
538,133,933.07,410.70,96.22,297.12,1,-1,-1,-1
538,137,1703.49,377.90,273.47,702.12,1,-1,-1,-1
538,138,1027.33,445.93,103.02,276.54,1,-1,-1,-1
539,113,817.21,432.83,108.27,254.70,1,-1,-1,-1
539,130,1470.78,406.03,224.05,667.70,1,-1,-1,-1
539,133,934.09,410.91,98.32,297.05,1,-1,-1,-1
539,137,1713.50,376.46,262.88,703.56,1,-1,-1,-1
539,138,1026.01,443.45,105.88,279.68,1,-1,-1,-1
539,140,713.70,451.56,33.50,91.37,1,-1,-1,-1
540,113,818.74,431.10,110.07,256.90,1,-1,-1,-1
540,130,1472.41,404.85,226.60,669.51,1,-1,-1,-1
540,133,934.52,410.99,100.47,296.94,1,-1,-1,-1
540,137,1723.15,374.66,252.39,705.36,1,-1,-1,-1
540,138,1025.81,437.88,109.88,286.56,1,-1,-1,-1
540,140,711.66,451.94,33.47,91.21,1,-1,-1,-1
541,113,820.29,430.86,110.36,256.14,1,-1,-1,-1
541,130,1475.30,404.23,229.14,671.55,1,-1,-1,-1
541,133,935.42,412.90,102.05,294.78,1,-1,-1,-1
541,137,1733.40,380.40,239.76,699.62,1,-1,-1,-1
541,138,1028.79,436.71,111.85,289.40,1,-1,-1,-1
541,140,710.87,451.90,33.68,91.76,1,-1,-1,-1
542,113,823.90,430.07,110.25,255.73,1,-1,-1,-1
542,130,1481.32,403.36,230.90,671.89,1,-1,-1,-1
542,133,937.21,412.05,104.80,295.09,1,-1,-1,-1
542,137,1740.19,381.07,239.54,698.98,1,-1,-1,-1
542,138,1033.71,434.45,113.23,291.91,1,-1,-1,-1
542,140,710.50,451.84,33.94,92.42,1,-1,-1,-1
543,113,826.59,429.75,110.28,255.81,1,-1,-1,-1
543,130,1491.06,404.83,230.03,666.22,1,-1,-1,-1
543,133,939.02,411.85,107.40,294.53,1,-1,-1,-1
543,138,1038.65,435.13,112.59,290.72,1,-1,-1,-1
543,140,710.44,452.15,33.74,91.99,1,-1,-1,-1
544,130,1501.61,405.07,229.99,669.41,1,-1,-1,-1
544,133,935.84,410.53,109.78,294.81,1,-1,-1,-1
544,138,1042.97,435.67,111.74,290.54,1,-1,-1,-1
544,140,710.23,452.62,33.50,91.47,1,-1,-1,-1
545,130,1512.53,404.18,226.38,663.37,1,-1,-1,-1
545,133,935.64,411.50,111.10,294.03,1,-1,-1,-1
545,138,1045.98,434.91,112.12,291.55,1,-1,-1,-1
545,140,710.89,453.09,33.45,91.51,1,-1,-1,-1
546,130,1521.52,403.00,223.87,661.88,1,-1,-1,-1
546,133,937.62,412.04,111.92,293.52,1,-1,-1,-1
546,140,711.88,452.81,33.71,92.36,1,-1,-1,-1
547,130,1528.09,401.74,222.92,664.78,1,-1,-1,-1
547,133,942.18,413.01,111.59,291.89,1,-1,-1,-1
547,140,712.28,452.90,33.72,92.48,1,-1,-1,-1
548,130,1532.48,401.72,223.36,672.44,1,-1,-1,-1
548,133,944.16,413.05,111.54,291.68,1,-1,-1,-1
548,140,712.83,453.01,33.59,92.36,1,-1,-1,-1
549,130,1536.98,401.97,221.86,674.08,1,-1,-1,-1
549,133,948.27,413.69,110.56,289.82,1,-1,-1,-1
549,140,712.85,452.98,33.56,92.37,1,-1,-1,-1
550,130,1543.89,402.41,216.80,663.28,1,-1,-1,-1
550,133,955.54,413.69,108.98,287.88,1,-1,-1,-1
550,140,713.18,453.54,33.23,91.69,1,-1,-1,-1
551,130,1549.78,402.09,216.70,662.98,1,-1,-1,-1
551,133,962.90,413.82,107.29,288.02,1,-1,-1,-1
551,140,714.02,453.10,33.17,91.72,1,-1,-1,-1
552,133,966.31,414.05,107.05,287.36,1,-1,-1,-1
552,140,715.26,452.88,33.04,91.44,1,-1,-1,-1
553,140,715.67,452.27,33.37,92.21,1,-1,-1,-1
553,142,891.46,431.56,73.87,252.82,1,-1,-1,-1
554,140,715.93,450.85,33.78,93.48,1,-1,-1,-1
554,142,896.38,430.95,74.53,253.11,1,-1,-1,-1
555,140,715.69,450.12,33.91,93.79,1,-1,-1,-1
555,142,900.47,432.70,75.01,251.31,1,-1,-1,-1
556,140,715.68,449.33,34.33,94.84,1,-1,-1,-1
556,142,899.28,432.88,75.87,251.36,1,-1,-1,-1
556,144,1089.97,438.99,115.05,283.01,1,-1,-1,-1
556,145,998.51,411.63,83.37,291.29,1,-1,-1,-1
557,140,715.44,449.41,34.60,95.60,1,-1,-1,-1
557,142,902.76,433.98,76.91,250.03,1,-1,-1,-1
557,144,1091.38,434.11,116.93,287.34,1,-1,-1,-1
557,145,1003.62,411.11,82.71,288.65,1,-1,-1,-1
558,140,715.26,449.24,34.73,96.08,1,-1,-1,-1
558,142,904.26,433.85,78.12,249.64,1,-1,-1,-1
558,144,1093.17,432.79,117.38,288.21,1,-1,-1,-1
558,145,1005.46,411.94,83.35,288.06,1,-1,-1,-1
559,140,715.48,449.11,34.66,96.05,1,-1,-1,-1
559,142,907.12,435.01,79.13,247.53,1,-1,-1,-1
559,144,1094.82,433.78,116.85,286.44,1,-1,-1,-1
559,145,1009.82,415.19,83.68,284.42,1,-1,-1,-1
560,140,715.79,449.55,34.34,95.59,1,-1,-1,-1
560,142,908.56,433.28,80.93,248.79,1,-1,-1,-1
560,144,1097.22,433.74,116.20,285.68,1,-1,-1,-1
560,145,1013.55,418.11,84.69,281.56,1,-1,-1,-1
560,147,1564.04,400.12,273.36,678.08,1,-1,-1,-1
561,140,716.29,449.79,34.25,95.85,1,-1,-1,-1
561,142,914.95,435.70,80.34,245.45,1,-1,-1,-1
561,144,1102.44,432.33,115.60,286.36,1,-1,-1,-1
561,145,1018.06,417.16,87.56,282.64,1,-1,-1,-1
561,147,1568.28,400.59,274.00,678.92,1,-1,-1,-1
562,140,717.21,450.70,33.24,93.21,1,-1,-1,-1
562,142,918.31,436.21,80.04,244.55,1,-1,-1,-1
562,144,1109.39,431.90,114.22,285.89,1,-1,-1,-1
562,145,1019.64,417.25,89.87,282.22,1,-1,-1,-1
562,147,1571.12,400.47,274.17,679.34,1,-1,-1,-1
563,140,717.85,450.71,33.56,94.39,1,-1,-1,-1
563,144,1112.28,430.62,114.40,286.35,1,-1,-1,-1
563,145,1020.76,415.62,93.00,283.13,1,-1,-1,-1
564,140,718.82,450.90,33.41,94.10,1,-1,-1,-1
564,145,1021.63,422.64,94.29,276.97,1,-1,-1,-1
565,140,719.13,451.16,33.08,93.28,1,-1,-1,-1
565,145,1020.93,422.27,97.04,276.93,1,-1,-1,-1
566,140,719.49,451.38,32.97,93.16,1,-1,-1,-1
566,145,1020.40,419.13,100.61,279.98,1,-1,-1,-1
566,149,1608.96,394.78,297.99,684.78,1,-1,-1,-1
567,140,719.58,451.46,33.30,94.31,1,-1,-1,-1
567,145,1020.49,423.99,101.83,275.42,1,-1,-1,-1
567,149,1619.80,395.09,297.27,684.99,1,-1,-1,-1
568,140,719.39,451.17,33.89,96.26,1,-1,-1,-1
568,145,1019.57,420.91,105.55,278.42,1,-1,-1,-1
568,149,1628.18,396.48,294.80,683.73,1,-1,-1,-1
569,140,719.68,451.11,33.88,96.18,1,-1,-1,-1
569,145,1019.27,419.25,108.55,280.71,1,-1,-1,-1
569,149,1632.88,396.81,292.26,683.40,1,-1,-1,-1
570,140,719.52,450.25,34.45,97.92,1,-1,-1,-1
570,145,1018.57,418.41,111.14,282.29,1,-1,-1,-1
570,149,1637.02,397.32,289.38,682.87,1,-1,-1,-1
571,140,719.43,449.46,34.92,99.06,1,-1,-1,-1
571,145,1019.44,420.85,111.65,279.54,1,-1,-1,-1
571,149,1641.76,396.99,286.93,683.17,1,-1,-1,-1
572,140,719.17,448.22,35.62,100.85,1,-1,-1,-1
572,145,1020.35,419.49,113.53,281.32,1,-1,-1,-1
572,149,1647.70,394.78,285.47,685.36,1,-1,-1,-1
573,140,719.27,447.75,35.76,100.78,1,-1,-1,-1
573,145,1023.10,416.16,115.12,284.36,1,-1,-1,-1
573,149,1652.46,394.53,283.19,685.56,1,-1,-1,-1
573,150,1158.39,435.27,125.08,279.75,1,-1,-1,-1
574,140,719.31,447.72,35.81,100.61,1,-1,-1,-1
574,145,1028.00,415.00,115.28,285.13,1,-1,-1,-1
574,149,1656.21,395.54,280.26,684.55,1,-1,-1,-1
574,150,1159.30,436.65,124.78,278.77,1,-1,-1,-1
574,151,960.12,432.30,87.53,246.89,1,-1,-1,-1
575,140,719.47,448.39,35.75,100.10,1,-1,-1,-1
575,145,1031.82,414.93,114.64,284.77,1,-1,-1,-1
575,149,1657.41,394.79,278.21,685.29,1,-1,-1,-1
575,150,1161.37,437.38,124.95,278.27,1,-1,-1,-1
575,151,963.85,433.11,87.78,245.48,1,-1,-1,-1
576,140,719.97,448.78,35.93,100.35,1,-1,-1,-1
576,145,1036.49,421.19,111.11,277.90,1,-1,-1,-1
576,149,1658.07,395.58,275.80,684.46,1,-1,-1,-1
576,150,1162.99,436.43,125.68,279.19,1,-1,-1,-1
576,151,967.13,433.87,89.21,246.50,1,-1,-1,-1
577,140,720.14,449.14,36.28,101.09,1,-1,-1,-1
577,145,1040.99,424.62,108.80,275.20,1,-1,-1,-1
577,149,1658.68,396.41,273.58,683.64,1,-1,-1,-1
577,150,1164.11,438.23,124.91,276.66,1,-1,-1,-1
577,151,970.38,434.10,90.85,247.01,1,-1,-1,-1
578,140,720.26,449.63,36.22,100.72,1,-1,-1,-1
578,145,1043.80,425.39,108.48,274.38,1,-1,-1,-1
578,149,1659.40,397.06,271.57,682.99,1,-1,-1,-1
578,150,1165.69,438.65,124.55,275.23,1,-1,-1,-1
578,151,971.27,440.22,88.24,235.61,1,-1,-1,-1
579,140,720.23,450.20,36.28,100.52,1,-1,-1,-1
579,149,1660.49,398.39,269.39,681.66,1,-1,-1,-1
579,150,1166.75,437.64,125.32,275.88,1,-1,-1,-1
579,151,971.84,442.53,88.29,231.10,1,-1,-1,-1
580,140,720.24,450.77,36.27,100.22,1,-1,-1,-1
580,149,1661.97,400.09,267.12,679.96,1,-1,-1,-1
580,150,1167.89,435.30,126.69,278.19,1,-1,-1,-1
580,151,970.16,440.95,89.77,231.78,1,-1,-1,-1
581,140,720.58,450.77,36.24,100.13,1,-1,-1,-1
581,149,1663.38,402.06,264.86,677.82,1,-1,-1,-1
581,150,1171.99,432.76,127.38,281.09,1,-1,-1,-1
581,151,970.94,439.21,91.68,232.77,1,-1,-1,-1
582,140,720.75,450.45,36.59,101.08,1,-1,-1,-1
582,149,1663.23,402.49,263.39,676.73,1,-1,-1,-1
582,150,1179.40,432.20,125.81,281.54,1,-1,-1,-1
582,151,970.64,439.05,93.86,234.20,1,-1,-1,-1
583,140,720.87,449.82,36.83,101.71,1,-1,-1,-1
583,149,1664.00,402.09,262.35,677.08,1,-1,-1,-1
583,150,1185.04,432.34,123.65,281.15,1,-1,-1,-1
583,151,972.32,437.78,95.32,234.89,1,-1,-1,-1
584,140,721.04,449.81,36.93,102.01,1,-1,-1,-1
584,149,1665.77,400.13,261.72,679.56,1,-1,-1,-1
584,150,1189.59,432.79,121.14,280.44,1,-1,-1,-1
584,151,974.08,434.28,97.60,238.88,1,-1,-1,-1
585,149,1667.87,398.64,260.51,680.98,1,-1,-1,-1
585,150,1199.37,434.90,118.68,279.35,1,-1,-1,-1
585,151,976.53,435.78,97.17,237.13,1,-1,-1,-1
585,153,1084.02,416.62,81.64,284.82,1,-1,-1,-1
586,149,1670.73,394.75,259.57,684.53,1,-1,-1,-1
586,150,1205.71,434.12,117.43,280.79,1,-1,-1,-1
586,151,978.47,435.80,97.01,236.75,1,-1,-1,-1
586,153,1087.70,416.38,81.33,283.70,1,-1,-1,-1
587,149,1673.39,392.67,257.87,686.45,1,-1,-1,-1
587,150,1211.28,434.28,115.23,280.48,1,-1,-1,-1
587,153,1092.73,415.35,81.94,284.41,1,-1,-1,-1
588,149,1674.83,392.09,258.08,686.99,1,-1,-1,-1
588,150,1215.53,433.61,113.80,281.03,1,-1,-1,-1
588,153,1097.29,412.77,83.52,286.77,1,-1,-1,-1
589,150,1217.48,433.18,112.55,280.73,1,-1,-1,-1
589,153,1098.92,410.81,84.83,288.25,1,-1,-1,-1
590,150,1222.44,432.72,111.46,282.26,1,-1,-1,-1
590,153,1100.31,409.59,86.07,288.71,1,-1,-1,-1
591,150,1228.83,431.90,109.85,282.27,1,-1,-1,-1
591,153,1101.16,410.13,87.03,287.23,1,-1,-1,-1
592,150,1235.80,437.14,106.49,276.18,1,-1,-1,-1
592,153,1101.85,409.60,88.37,286.83,1,-1,-1,-1
593,150,1242.54,439.36,104.50,273.60,1,-1,-1,-1
593,153,1101.89,410.54,89.18,285.21,1,-1,-1,-1
594,150,1247.71,439.78,103.54,273.07,1,-1,-1,-1
594,153,1101.87,410.61,90.27,284.65,1,-1,-1,-1
595,150,1250.96,440.45,103.26,272.67,1,-1,-1,-1
595,153,1102.24,411.59,91.19,284.05,1,-1,-1,-1
596,150,1253.15,438.62,104.21,274.62,1,-1,-1,-1
596,153,1103.36,413.08,91.57,282.04,1,-1,-1,-1
597,150,1254.58,439.76,103.81,272.39,1,-1,-1,-1
597,153,1103.77,413.68,92.61,282.62,1,-1,-1,-1
598,150,1255.83,439.63,103.76,271.36,1,-1,-1,-1
598,153,1105.09,414.08,92.85,281.88,1,-1,-1,-1
599,150,1257.12,439.21,104.12,271.11,1,-1,-1,-1
599,153,1108.91,415.28,91.74,278.44,1,-1,-1,-1
600,150,1259.32,436.69,104.92,273.45,1,-1,-1,-1
600,153,1113.92,416.16,90.24,275.54,1,-1,-1,-1
600,154,1039.91,444.59,83.32,225.01,1,-1,-1,-1
600,155,1190.33,438.04,86.47,243.36,1,-1,-1,-1
